x-coordinate,y-coordinate,axial-velocity,radial-velocity,uu,vv,uv
5.0,6.123234047e-16,0.1783293835,4.290455048e-05,0.002674831633211666,0.0022570119866765414,7.5447667717843e-06
5.0,0.005204005374,0.1783205831,8.47895406e-05,0.0026747985780869966,0.0022549278045780555,1.5058046544896625e-05
5.0,0.01033966345,0.178294649,0.0001654893637,0.002674700939235608,0.0022560339588567177,2.985282563111433e-05
5.0,0.01540787221,0.1782522792,0.0002446760574,0.002674541576557248,0.0022574196289831894,4.441547782127336e-05
5.0,0.02040951739,0.1781941407,0.0003240255786,0.002674322691648477,0.0022562733589340405,5.877180695207212e-05
5.0,0.0253454732,0.178120892,0.0004021105746,0.00267404591751231,0.0022568849115228544,7.291563006131692e-05
5.0,0.03021660239,0.1780331764,0.0004790746113,0.0026737129946590226,0.002257195586652316,8.68453635588797e-05
5.0,0.03502375636,0.1779316228,0.0005548102869,0.002673325471499253,0.0022576457406374042,0.00010055894957173256
5.0,0.03976777532,0.1778168446,0.0006293581694,0.0026728847798639585,0.0022580852697089695,0.00011405518404314028
5.0,0.04444948847,0.17768944,0.0007027003424,0.00267239223360508,0.0022585915848359903,0.0001273330244516253
5.0,0.04906971409,0.1775499917,0.0007748368931,0.0026718490487056537,0.0022591360333113794,0.00014039181915185766
5.0,0.05362925975,0.1773990672,0.0008457641091,0.0026712563560393225,0.0022597221698727682,0.0001532312150687318
5.0,0.05812892238,0.1772372181,0.0009154823375,0.0026706152136544963,0.0022603434529666912,0.00016585116376540419
5.0,0.06256948846,0.1770649809,0.0009839926095,0.0026699266161038892,0.002260997768953447,0.00017825189128688074
5.0,0.06695173415,0.1768828764,0.001051297601,0.0026691915070623027,0.0022616814722749958,0.00019043388346485338
5.0,0.07127642538,0.1766914102,0.001117401204,0.0026684107860581513,0.0022623915409368863,0.0002023978680658751
5.0,0.07554431806,0.1764910725,0.001182308539,0.002667585317799053,0.0022631246913435246,0.00021414479889443706
5.0,0.07975615815,0.1762823387,0.001246025925,0.002666715940496628,0.0022638781995314165,0.00022567583964545036
5.0,0.08391268182,0.1760656689,0.001308560534,0.0026658034691827703,0.002264648424024458,0.0002369923470855038
5.0,0.08801461558,0.1758415088,0.001369920934,0.00266484870531825,0.0022654352231936785,0.0002480958583129594
5.0,0.09206267639,0.1756102893,0.00143011501,0.0026638524359689835,0.0022662288894362012,0.0002589879963443848
5.0,0.09605757177,0.1753724271,0.001489155654,0.0026628154452845477,0.0022670372998234833,0.00026971801028672396
5.0,0.1,0.1751283244,0.00154705485,0.0026617384955373476,0.002267850794081494,0.00028020870239918515
5.0,0.1037429218,0.1748880246,0.001601668566,0.002660665733654386,0.002268633080445609,0.00028997575852719845
5.0,0.1075400176,0.1746357973,0.001656706389,0.002659526329035809,0.0022694451156019045,0.0002998489956177206
5.0,0.1113920715,0.1743712847,0.001712155776,0.0026583167362977758,0.0022702763023738316,0.00030988267359479007
5.0,0.115299879,0.1740941235,0.001767999669,0.0026570331921854174,0.0022711293154155502,0.0003199875697500025
5.0,0.119264247,0.1738039449,0.001824219157,0.0026556717254676634,0.002272002523828737,0.00033016041548826616
5.0,0.1232859942,0.1735003741,0.001880793965,0.002654228150074657,0.002272894057656226,0.000340397611788356
5.0,0.1273659511,0.1731830312,0.001937702476,0.002652698051235365,0.0022738019683968317,0.0003506953196716902
5.0,0.1315049601,0.1728515309,0.001994921618,0.0026510767792223716,0.0022747241763258126,0.0003610494534101225
5.0,0.135703876,0.1725054829,0.002052426821,0.002649359437036254,0.0022756583217752625,0.00037145567363920293
5.0,0.1399635659,0.1721444922,0.002110191969,0.0026475408716440103,0.0022766017807944535,0.0003819093788736999
5.0,0.1442849094,0.1717681594,0.002168189355,0.002645615660879726,0.002277551648687747,0.00039240569813842274
5.0,0.1486687988,0.1713760808,0.002226389625,0.0026435781065263075,0.00227850473002887,0.00040293948403042945
5.0,0.1531161394,0.1709678491,0.002284761731,0.0026414222219213026,0.002279457517922738,0.00041350530687192283
5.0,0.1576278496,0.1705430535,0.002343272881,0.002639141723282114,0.0022804061800920446,0.0004240974482663718
5.0,0.1622048611,0.17010128,0.002401888491,0.0026367300165642954,0.002281346540654866,0.0004347098939262226
5.0,0.166848119,0.1696421122,0.002460572135,0.0026341801925567265,0.002282274067285277,0.00044533632729167765
5.0,0.1715585821,0.1691651312,0.002519285497,0.0026314850118712234,0.0022831838481303475,0.00045597012457074336
5.0,0.1763372232,0.1686699167,0.002577988326,0.002628636899722718,0.002284070577991577,0.000466604349818994
5.0,0.181185029,0.1681560469,0.002636638389,0.002625627934891246,0.0022849285397081717,0.0004772317519949687
5.0,0.1861030006,0.1676230995,0.002695191431,0.0026224498423234387,0.002285751589365852,0.0004878447583655147
5.0,0.1910921536,0.167070652,0.002753601129,0.0026190939854131815,0.0022865331409357404,0.0004984354710107786
5.0,0.1961535182,0.1664982823,0.002811819054,0.002615551357613438,0.002287266138578371,0.0005089956653948075
5.0,0.2012881397,0.1659055693,0.002869794636,0.002611812579102748,0.0022879430675552303,0.0005195167871762762
5.0,0.2064970782,0.165292094,0.002927475116,0.0026078678868759492,0.0022885558623990335,0.0005299899541286543
5.0,0.2117814095,0.1646574393,0.002984805557,0.0026037071367612523,0.002289096113648464,0.000540405948677337
5.0,0.2171422247,0.1640011915,0.003041728688,0.0025993197933652998,0.0022895545470306665,0.0005507552281293448
5.0,0.222580631,0.1633229406,0.003098185048,0.0025946949336148766,0.0022899218069255553,0.0005610279179101471
5.0,0.2280977512,0.1626222815,0.003154113024,0.0025898212416200377,0.002290187680202052,0.0005712138091687053
5.0,0.2336947247,0.1618988141,0.003209448431,0.002584687014797662,0.0022903413022658586,0.0005813023815198162
5.0,0.2393727073,0.1611521447,0.003264124815,0.0025792801598950067,0.0022903716677640518,0.0005912827907855329
5.0,0.2451328714,0.1603818869,0.003318073515,0.0025735882048779917,0.0022902667281576392,0.0006011438782309919
5.0,0.2509764065,0.1595876619,0.003371223452,0.0025675982978488098,0.0022900141250304365,0.0006108741795847306
5.0,0.2569045194,0.1587690999,0.003423501226,0.0025612972202260728,0.0022896007999851603,0.0006204619320645009
5.0,0.2629184342,0.157925841,0.003474831093,0.002554671395118595,0.0022890131280064794,0.0006298950877577092
5.0,0.2690193927,0.1570575358,0.003525134994,0.002547706899065924,0.0022882368720027347,0.0006391613214916573
5.0,0.2752086549,0.1561638468,0.00357433256,0.0025403894801733972,0.002287257204451129,0.000648248041965351
5.0,0.2814874987,0.1552444491,0.003622341141,0.0025327045728278227,0.0022860587000762093,0.0006571424095295729
5.0,0.2878572208,0.1542990313,0.003669075833,0.002524637318915034,0.0022846253596598975,0.0006658313525097654
5.0,0.2943191364,0.1533272971,0.003714449507,0.0025161725908059334,0.0022829405450973525,0.0006743015771290191
5.0,0.3008745801,0.1523289656,0.003758372928,0.0025072950164883212,0.0022809869686840913,0.0006825395999338583
5.0,0.3075249055,0.1513037729,0.003800754771,0.002497989407739991,0.002278747084167984,0.0006905352825686133
5.0,0.3142714859,0.1502514728,0.003841501415,0.0024882388143363156,0.0022762028959350928,0.0006982645177118681
5.0,0.3211157144,0.1491718382,0.003880517225,0.002478028064644621,0.00227333529923804,0.0007057197526239214
5.0,0.3280590044,0.148064662,0.00391770502,0.0024673419882484822,0.00227012469611179,0.0007128944040730756
5.0,0.3351027897,0.146929758,0.003952965778,0.002456163292840624,0.00226655160380129,0.0007197639611991208
5.0,0.3422485248,0.1457669624,0.003986198501,0.0024444762290991018,0.0022625960179023185,0.0007263174836199
5.0,0.3494976853,0.1445761346,0.00401730059,0.0024322647135535834,0.0022582372419194083,0.000732540915058877
5.0,0.3568517682,0.143357158,0.004046167997,0.0024195127246500513,0.002253454283155949,0.0007384201086554004
5.0,0.364312292,0.1421099419,0.004072695286,0.002406204372629318,0.0022482258904338677,0.0007439409818479575
5.0,0.3718807975,0.1408344216,0.004096775763,0.0023923239527208775,0.002242530523995146,0.0007490895465161811
5.0,0.3795588474,0.1395305602,0.004118301631,0.002377856007638316,0.002236346429270396,0.0007538519528661639
5.0,0.3873480273,0.1381983492,0.004137164135,0.0023627853914736114,0.002229651688470268,0.0007582145248417329
5.0,0.3952499456,0.1368378096,0.004153253736,0.0023470973349979276,0.0022224242664629313,0.0007621638080033804
5.0,0.4032662342,0.135448993,0.004166460299,0.0023307775142299885,0.002214642095966488,0.0007656866127125364
5.0,0.4113985483,0.1340319827,0.00417667326,0.002313812122427469,0.0022062831474862856,0.0007687700584737044
5.0,0.4196485673,0.1325868943,0.004183781836,0.002296187946169469,0.00219732548264234,0.0007714016223293574
5.0,0.4280179948,0.1311138767,0.004187675238,0.0022778924365658973,0.0021877473345509155,0.0007735691827611324
5.0,0.4365085591,0.1296131133,0.004188242891,0.002258913791325702,0.002177527204679286,0.000775261074445666
5.0,0.4451220135,0.1280848226,0.004185374665,0.00223924103234521,0.002166643907764082,0.0007764661355979821
5.0,0.4538601367,0.126529259,0.004178961145,0.0022188640839127145,0.002155076749956642,0.0007771737598615146
5.0,0.4627247331,0.1249467137,0.004168893801,0.0021977738613094236,0.0021428054085742758,0.0007773739519150354
5.0,0.4717176332,0.1233375153,0.004155065486,0.0021759623394627674,0.00212981062316349,0.0007770573762434725
5.0,0.4808406941,0.1217020307,0.004137370188,0.002153422657263028,0.0021160722097354127,0.000776215373426273
5.0,0.4900957997,0.1200406657,0.004115705754,0.002130149151042526,0.0021015747122863733,0.0007748403091926231
5.0,0.4994848611,0.1183538654,0.004089969466,0.0021061375040529115,0.002086298351004736,0.0007729245723515105
5.0,0.5090098173,0.1166421144,0.004060056989,0.0020813848100675095,0.0020702268343394223,0.0007704621802250466
5.0,0.518672635,0.1149059384,0.004025874271,0.0020558896210750204,0.002053348087027121,0.0007674484835412871
5.0,0.5284753098,0.1131459039,0.003987331179,0.0020296520107592995,0.0020356449924476003,0.0007638785940133413
5.0,0.5384198657,0.1113626184,0.003944335815,0.0020026736526164613,0.002017106392599594,0.0007597492804552879
5.0,0.5485083564,0.1095567309,0.00389680096,0.0019749579694268134,0.0019977212215245795,0.0007550584472534136
5.0,0.5587428652,0.1077289321,0.003844644213,0.0019465101166823114,0.001977479607853901,0.0007498049394507502
5.0,0.5691255055,0.1058799549,0.003787787654,0.001917337070579261,0.001956373659059975,0.0007439888300361935
5.0,0.5796584212,0.1040105738,0.003726158246,0.0018874476848813946,0.0019343971423855816,0.0007376113499158442
5.0,0.5903437875,0.1021216055,0.003659688201,0.0018568527456464111,0.001911545667436232,0.0007306749790080846
5.0,0.6011838108,0.1002139085,0.003588315388,0.0018255650117023983,0.0018878167597989332,0.0007231834596236968
5.0,0.6121807297,0.09828838327,0.003511983735,0.00179359925944075,0.0018632099764957658,0.0007151418353837411
5.0,0.6233368149,0.09634597157,0.00343064363,0.0017609723153270195,0.0018377269882298333,0.0007065564745411688
5.0,0.6346543703,0.09438765648,0.00334425233,0.001727703079402771,0.0018113716606779737,0.0006974350939993868
5.0,0.6461357329,0.0924144619,0.003252774382,0.0016938125461675557,0.0017841501352216613,0.0006877867824220885
5.0,0.6577832735,0.090427452,0.003156182043,0.0016593238093702562,0.001756070900851517,0.0006776220142734942
5.0,0.6695993975,0.08842773067,0.003054455695,0.001624262064918671,0.0017271448645984218,0.0006669526586452236
5.0,0.6815865448,0.08641644085,0.002947584265,0.0015886546022840643,0.001697385409323101,0.0006557919818340574
5.0,0.6937471908,0.08439476374,0.002835565646,0.0015525307878258925,0.0016668084439104705,0.0006441546459593321
5.0,0.7060838467,0.08236391793,0.002718407115,0.0015159220318657829,0.001635432440272367,0.0006320567056861384
5.0,0.7185990599,0.08032515844,0.002596125753,0.0014788617537254615,0.0016032784735564526,0.0006195155950102316
5.0,0.7312954149,0.07827977565,0.002468748857,0.0014413853293966717,0.0015703702434787302,0.0006065501080304733
5.0,0.7441755335,0.07622909413,0.002336314338,0.0014035300360775583,0.0015367340891124456,0.0005931803687905192
5.0,0.7572420753,0.07417447138,0.002198871127,0.0013653349795307041,0.0015023989853957885,0.0005794278017505665
5.0,0.7704977387,0.07211729651,0.002056479563,0.0013268410142612574,0.001467396534390158,0.0005653150943431619
5.0,0.783945261,0.07005898875,0.001909211784,0.0012880906477791799,0.0014317609434576347,0.000550866152869692
5.0,0.797587419,0.0680009959,0.001757152093,0.001249127941573779,0.001395528995963601,0.0005361060473886859
5.0,0.8114270298,0.06594479273,0.001600397314,0.0012099983980062127,0.0013587400012226387,0.0005210609515212871
5.0,0.8254669514,0.0638918792,0.001439057141,0.001170748837398329,0.0013214357322938646,0.0005057580747588312
5.0,0.839710083,0.06184377874,0.001273254469,0.0011314272640682039,0.0012836603516378012,0.000490225594513178
5.0,0.8541593657,0.05980203628,0.001103125723,0.0010920827213748239,0.0012454603272734205,0.00047449257731042513
5.0,0.8688177834,0.05776821635,0.0009288211479,0.0010527651407616012,0.0012068843340807386,0.00045858889015186873
5.0,0.883688363,0.05574390104,0.0007505050963,0.0010135251839780857,0.0011679831400372319,0.0004425451096437645
5.0,0.8987741753,0.05373068791,0.0005683562944,0.0009744140730652016,0.0011288094739797133,0.00042639242090637556
5.0,0.9140783356,0.05173018798,0.0003825681041,0.0009354834110523033,0.0010894178839305963,0.0004101625216545828
5.0,0.929604004,0.04974402354,0.0001933487643,0.0008967849934986402,0.0010498645856589133,0.000393887517218281
5.0,0.9453543867,0.04777382604,9.216170549e-07,0.0008583736493819547,0.0010102102932381472,0.0003775997687405455
5.0,0.9613327362,0.04582123421,-0.0001944746361,0.0008203163073648383,0.0009705293219195596,0.0003613318337762738
5.0,0.9775423519,0.04388789192,-0.0003925857351,0.0007826802096325044,0.0009308978511737686,0.00034511636556937986
5.0,0.9939865811,0.0419754457,-0.0005931417332,0.0007455202775087594,0.0008913812651267089,0.00032898592332718257
5.0,1.01066882,0.04008554228,-0.0007958568751,0.0007088876702661172,0.0008520427023540261,0.00031297286397753173
5.0,1.027592512,0.03821982634,-0.001000429478,0.0006728326030406833,0.0008129458546496263,0.00029710922177949314
5.0,1.044761154,0.03637993842,-0.001206541802,0.0006374041495598413,0.0007741547391394684,0.00028142657444163113
5.0,1.062178289,0.03456751288,-0.001413859924,0.0006026500376072083,0.0007357334570092767,0.00026595591733409433
5.0,1.079847516,0.03278417603,-0.001622033589,0.0005686164540368428,0.0006977459583023922,0.00025072754103576677
5.0,1.097772482,0.03103154435,-0.001830696072,0.0005353478536865432,0.00066025580536784,0.0002357709083456933
5.0,1.115956889,0.02931122293,-0.002039464013,0.0005028867813742129,0.0006233259351396815,0.00022111452972647494
5.0,1.134404493,0.0276248041,-0.002247937233,0.0004712737048509077,0.0005870184192661789,0.00020678584228958773
5.0,1.153119101,0.02597386652,-0.002455698481,0.0004405468556602036,0.000551394226327006,0.000192811096601445
5.0,1.17210458,0.02435997445,-0.002662313113,0.00041074208068081676,0.0005165129969242632,0.00017921525493802093
5.0,1.19136485,0.02278467754,-0.002867328699,0.00038189270706791056,0.0004824328175831385,0.00016602189076582287
5.0,1.210903887,0.0212495111,-0.003070274447,0.0003540294265359887,0.0004492099938308186,0.0001532531065478339
5.0,1.230725728,0.01975599691,-0.003270660495,0.0003271802056741796,0.000416898940049071,0.00014092942673287224
5.0,1.250834464,0.01830564505,-0.003467977462,0.0003013702048849296,0.0003855519354284287,0.00012906973596889032
5.0,1.271234248,0.01689995629,-0.003661694931,0.00027662171533393294,0.0003552188807134904,0.00011769124564542733
5.0,1.291929293,0.01554042565,-0.00385125993,0.0002529541248975375,0.0003259473004119585,0.00010680941987066783
5.0,1.312923873,0.01422854713,-0.004036095588,0.000230383906671187,0.0002977822265644412,9.643794404045991e-05
5.0,1.334222322,0.01296581993,-0.004215598879,0.00020892464108340994,0.00027076600390303103,8.658872806387536e-05
5.0,1.35582904,0.01175375619,-0.004389137685,0.00018858705466011323,0.00024493848972226235,7.727184855991018e-05
5.0,1.377748487,0.01059389106,-0.004556049153,0.00016937909588226425,0.0002203363799240082,6.849568713095844e-05
5.0,1.39998519,0.009487793545,-0.004715631715,0.0001513059799404837,0.00019699453425076595,6.0266862889155e-05
5.0,1.422543741,0.008437080106,-0.004867139784,0.00013437040459639052,0.00017494463263069282,5.259027513732124e-05
5.0,1.445428798,0.007443432267,-0.005009786865,0.00011857265925536607,0.00015421577630960192,4.5469187381262126e-05
5.0,1.468645087,0.006508611979,-0.005142733024,0.00010391073147712269,0.0001348353415530953,3.890536865151699e-05
5.0,1.492197403,0.005634477363,-0.005265075201,9.03805437674697e-05,0.00011682784608836292,3.2899156913364414e-05
5.0,1.516090608,0.004822995593,-0.00537584617,7.797605461110386e-05,0.00010021591031387803,2.744942302540123e-05
5.0,1.540329637,0.004076242799,-0.005474010451,6.668931987009501e-05,8.50197567806824e-05,2.2553670850960783e-05
5.0,1.564919496,0.003396379697,-0.005558468567,5.65103837384169e-05,7.125685238889406e-05,1.820788071687797e-05
5.0,1.589865261,0.00278557872,-0.005628075476,4.742686037963458e-05,5.894075816406853e-05,1.440617227142707e-05
5.0,1.615172084,0.002245864773,-0.005681685224,3.942298090796162e-05,4.8078930443274e-05,1.1140045572807868e-05
5.0,1.640845191,0.001778815054,-0.005718241358,3.247783172264046e-05,3.866843361290446e-05,8.396879064277461e-06
5.0,1.666889884,0.001385061308,-0.005736928656,2.6562453091375654e-05,3.0689544466812134e-05,6.157447557593325e-06
5.0,1.69331154,0.001063577702,-0.005737412068,2.163574355956636e-05,2.4094318866888043e-05,4.391994540330968e-06
5.0,1.720115616,0.0008108798985,-0.005720080302,1.7639373363828774e-05,1.879873649551533e-05,3.056944634642506e-06
5.0,1.747307647,0.0006204421375,-0.00568625685,1.4493196875590962e-05,1.4670688715410877e-05,2.092445900795023e-06
5.0,1.774893249,0.0004828543632,-0.005638318085,1.2093193210560741e-05,1.1533576048280106e-05,1.425933176731261e-06
5.0,1.802878116,0.0003869032996,-0.005579340603,1.0315273697264219e-05,9.186989372231361e-06,9.84037424278214e-07
5.0,1.831268029,0.0003212591392,-0.005512519429,9.026672596616482e-06,7.429231494313488e-06,7.020706646595856e-07
5.0,1.86006885,0.000276065291,-0.005440747215,8.100988599814862e-06,6.084512761419873e-06,5.293002490837067e-07
5.0,1.889286525,0.0002437680847,-0.005366313915,7.430841774155784e-06,5.016987809083162e-06,4.3025861200742455e-07
5.0,1.91892709,0.0002191484545,-0.005290836441,6.933635896294782e-06,4.130806287386386e-06,3.8114998617264506e-07
5.0,1.948996664,0.00019886503,-0.005215370054,6.5503776888314886e-06,3.3634807114036104e-06,3.6629868134862624e-07
5.0,1.979501456,0.0001808860798,-0.005140565855,6.240959311839391e-06,2.676362006016274e-06,3.752910246452937e-07
5.0,2.010447767,0.0001640146533,-0.0050668106,5.978779262950907e-06,2.0464652473266113e-06,4.0108558455735416e-07
5.0,2.041841986,0.0001475586656,-0.004994327482,5.746340702624841e-06,1.4605648569446065e-06,4.388008683347766e-07
5.0,2.073690596,0.0001311240349,-0.00492324117,5.532136490653765e-06,9.113986692590485e-07,4.849097265456304e-07
5.0,2.106000175,0.0001144920605,-0.004853617241,5.32862081178999e-06,3.9539092949125293e-07,5.366950918345833e-07
5.0,2.138777393,9.754880021e-05,-0.004785485191,5.130932861515007e-06,-8.870042020171828e-08,5.918894556207066e-07
5.0,2.17202902,8.024480062e-05,-0.004718851639,4.93610879395421e-06,-5.405666291096852e-07,6.484460702043901e-07
5.0,2.205761922,6.25720609e-05,-0.004653707825,4.7425925049466364e-06,-9.58850062680423e-07,7.044083082700531e-07
5.0,2.239983065,4.455064529e-05,-0.004590033877,4.549925590241742e-06,-1.3414855819697772e-06,7.578446180911107e-07
5.0,2.274699515,2.622074123e-05,-0.004527801213,4.358543847212138e-06,-1.685935574753539e-06,8.068207196243284e-07
5.0,2.309918441,7.637850088e-06,-0.004466973892,4.169614891974985e-06,-1.98945910834023e-06,8.494154844733721e-07
5.0,2.345647117,-1.1130319e-05,-0.004407509446,3.984886432259373e-06,-2.2493602463383177e-06,8.8378064849565e-07
5.0,2.381892919,-3.000616691e-05,-0.004349359448,3.8065107455220855e-06,-2.4633096169944996e-06,9.082491010948926e-07
5.0,2.418663334,-4.890428601e-05,-0.004292470099,3.6368376871798104e-06,-2.629681670623387e-06,9.214622900360523e-07
5.0,2.455965953,-6.773350917e-05,-0.004236782897,3.478192811973136e-06,-2.747810632575669e-06,9.224807664195934e-07
5.0,2.49380848,-8.639897478e-05,-0.004182235394,3.332625450358979e-06,-2.8182848947534386e-06,9.108891582110392e-07
5.0,2.53219873,-0.0001048043616,-0.004128762209,3.201665783448666e-06,-2.8431175782607447e-06,8.868768978222823e-07
5.0,2.571144629,-0.0001228544151,-0.004076296284,3.086115762477507e-06,-2.8258307321810925e-06,8.512771853456596e-07
5.0,2.610654221,-0.0001404577309,-0.004024770363,2.9859191097812696e-06,-2.771371969867348e-06,8.055271055556472e-07
5.0,2.650735663,-0.000157529596,-0.003974118581,2.900158189004039e-06,-2.6857860539485108e-06,7.515352899580487e-07
5.0,2.691397234,-0.0001739945952,-0.003924278035,2.827162740019601e-06,-2.575798815572499e-06,6.914972470818361e-07
5.0,2.732647329,-0.0001897886851,-0.003875190237,2.7647395956137534e-06,-2.4482765623558396e-06,6.27681032405364e-07
5.0,2.774494467,-0.0002048604623,-0.00382680208,2.710486775497004e-06,-2.309658315636634e-06,5.622134329713357e-07
5.0,2.816947288,-0.0002191711765,-0.00377906641,2.6620576306242274e-06,-2.1654874904972185e-06,4.969365393408346e-07
5.0,2.86001456,-0.000232693536,-0.003731941707,2.6174911332091386e-06,-2.0201600366345505e-06,4.3323480868358105e-07
5.0,2.903705176,-0.0002454098157,-0.003685390922,2.57528518300496e-06,-1.8768607542216494e-06,3.7207937815630024e-07
5.0,2.948028158,-0.0002573095765,-0.003639380771,2.5342952247658466e-06,-1.7377201175533399e-06,3.1414974322346234e-07
5.0,2.992992659,-0.0002683880154,-0.003593881181,2.49367027163114e-06,-1.6041971850726222e-06,2.598682033789438e-07
5.0,3.038607963,-0.0002786454875,-0.003548865091,2.452664078519922e-06,-1.477394984716293e-06,2.0952329373117239e-07
5.0,3.084883491,-0.0002880878968,-0.003504308987,2.410565884004196e-06,-1.3582014100141181e-06,1.6331378450261324e-07
5.0,3.131828798,-0.0002967273571,-0.003460193489,2.366744612925853e-06,-1.2472776461279023e-06,1.2134401798986273e-07
5.0,3.179453579,-0.0003045821694,-0.003416503541,2.3207484310891804e-06,-1.144961226434326e-06,8.360129702965758e-08
5.0,3.227767668,-0.0003116758055,-0.003373227925,2.2723742134597843e-06,-1.0512099829725723e-06,4.9954488004558005e-08
5.0,3.276781041,-0.0003180351719,-0.003330358259,2.221668435207869e-06,-9.65640023091057e-07,2.0176766764290803e-08
5.0,3.326503821,-0.0003236886464,-0.003287887831,2.1688703660892683e-06,-8.876386704994365e-07,-6.017242278648898e-09
5.0,3.376946275,-0.0003286644062,-0.003245810557,2.1143266927774154e-06,-8.164932897784142e-07,-2.893045518507896e-08
5.0,3.428118819,-0.0003329893969,-0.003204120266,2.0584133699553657e-06,-7.514890396608721e-07,-4.88538880050678e-08
5.0,3.48003202,-0.0003366888636,-0.003162810337,2.0014880212576707e-06,-6.919670441513489e-07,-6.605487909991208e-08
5.0,3.532696599,-0.0003397862223,-0.003121873566,1.9438667416919523e-06,-6.373496286437542e-07,-8.077338931465252e-08
5.0,3.58612343,-0.0003423031987,-0.003081302199,1.8858147181088645e-06,-5.871410276897128e-07,-9.322207064155395e-08
5.0,3.640323547,-0.0003442600989,-0.003041088051,1.827549552030848e-06,-5.409167036612573e-07,-1.0359111432537866e-07
5.0,3.695308141,-0.0003456760637,-0.003001222663,1.7692499182666036e-06,-4.983116661174014e-07,-1.1205339747380669e-07
5.0,3.751088567,-0.0003465693004,-0.002961697449,1.7110618915404773e-06,-4.5900940837802996e-07,-1.1876736514845353e-07
5.0,3.807676344,-0.0003469573025,-0.002922503816,1.6531057606955547e-06,-4.227308898905517e-07,-1.238804097895862e-07
5.0,3.865083157,-0.0003468569999,-0.002883633285,1.595483866065542e-06,-3.8922765277881435e-07,-1.275317002225074e-07
5.0,3.92332086,-0.0003462848603,-0.002845077554,1.5382845994445556e-06,-3.582777658857006e-07,-1.2985232935456783e-07
5.0,3.98240148,-0.0003452570067,-0.002806828542,1.481584507842651e-06,-3.2967844444955886e-07,-1.309660435026482e-07
5.0,4.042337217,-0.0003437892986,-0.002768878485,1.425452397510172e-06,-3.032430546147435e-07,-1.3099254015867986e-07
5.0,4.103140447,-0.0003418973333,-0.002731219958,1.3699446846183371e-06,-2.788009459642836e-07,-1.300464687308155e-07
5.0,4.164823726,-0.0003395965917,-0.002693845905,1.31512393927166e-06,-2.5619515596399875e-07,-1.2822406607182627e-07
5.0,4.227399792,-0.0003369025526,-0.002656749652,1.2610442829589944e-06,-2.3528092508140034e-07,-1.2563148470803974e-07
5.0,4.290881567,-0.0003338302752,-0.002619924933,1.2077441145716484e-06,-2.1592385482522041e-07,-1.2238375899010644e-07
5.0,4.35528216,-0.000330394625,-0.002583365931,1.1552733524989919e-06,-1.9799910263776094e-07,-1.185641114837949e-07
5.0,4.420614869,-0.0003266106743,-0.002547067303,1.1036761474701493e-06,-1.8139111228414887e-07,-1.1425117612798778e-07
5.0,4.486893186,-0.0003224934028,-0.002511024207,1.052990674615795e-06,-1.6599417983865975e-07,-1.0953245780346985e-07
5.0,4.554130797,-0.0003180576543,-0.002475232287,1.00325656995305e-06,-1.517112567606031e-07,-1.0448769861710812e-07
5.0,4.622341587,-0.0003133182104,-0.002439687719,9.545107442729127e-07,-1.3845287390104429e-07,-9.918992229462772e-08
5.0,4.691539642,-0.0003082898246,-0.002404387224,9.067885794617688e-07,-1.2613709216098012e-07,-9.370750350408071e-08
5.0,4.76173925,-0.0003029872369,-0.002369328099,8.601240461406421e-07,-1.146892904241105e-07,-8.810401200334335e-08
5.0,4.832954907,-0.0002974252001,-0.002334508231,8.14549674534876e-07,-1.0404143324549549e-07,-8.243809972819924e-08
5.0,4.905201321,-0.00029161852,-0.002299926146,7.700969943517575e-07,-9.413111888852665e-08,-7.676381544384605e-08
5.0,4.97849341,-0.0002855820626,-0.002265581057,7.267967686931698e-07,-8.490203459092925e-08,-7.113081451745902e-08
5.0,5.052846308,-0.0002793307764,-0.002231472888,6.84678533083464e-07,-7.63035038056877e-08,-6.558390241020677e-08
5.0,5.128275369,-0.0002728797687,-0.002197602329,6.437705838880071e-07,-6.828948513816783e-08,-6.016300882070637e-08
5.0,5.20479617,-0.000266244373,-0.002163970914,6.041002184920876e-07,-6.081818592040656e-08,-5.4903624599033267e-08
5.0,5.282424513,-0.0002594402072,-0.002130581105,5.65693667883296e-07,-5.3851986202319246e-08,-4.983689095044607e-08
5.0,5.361176426,-0.0002524832527,-0.002097436378,5.285763132162764e-07,-4.735697039654127e-08,-4.498970421289564e-08
5.0,5.441068173,-0.0002453899197,-0.002064541333,4.927728735671745e-07,-4.1303330181062916e-08,-4.038486948437426e-08
5.0,5.522116252,-0.0002381771219,-0.002031901756,4.583072583713423e-07,-3.566385396150764e-08,-3.6040984777065365e-08
5.0,5.604337398,-0.0002308623799,-0.001999524817,4.252025980628326e-07,-3.0416342502666987e-08,-3.19724941135314e-08
5.0,5.68774859,-0.0002234639167,-0.001967418979,3.9348116834203064e-07,-2.553725090887729e-08,-2.818991672240157e-08
5.0,5.772367054,-0.0002160007431,-0.00193559462,3.6316417298790556e-07,-2.101490444220933e-08,-2.4700019946650145e-08
5.0,5.858210261,-0.0002084927494,-0.001904062946,3.3427144899409973e-07,-1.681932961664307e-08,-2.1505787198817763e-08
5.0,5.94529594,-0.0002009607667,-0.001872839021,3.06821304921383e-07,-1.2967790298465525e-08,-1.8606786796597813e-08
5.0,6.033642073,-0.0001934266589,-0.001841934849,2.8082964204235147e-07,-9.378993220115536e-09,-1.599850529569506e-08
5.0,6.123266903,-0.000185913298,-0.001811376094,2.5631020506641135e-07,-6.21790590168384e-09,-1.367511893736672e-08
5.0,6.214188939,-0.0001784446947,-0.001781160208,2.3327167372532006e-07,-3.1164619321514115e-09,-1.1622042009987251e-08
5.0,6.306426956,-0.0001710470509,-0.001751372138,2.117194628006141e-07,-4.2231486211805107e-10,-9.844943787754764e-09
5.0,6.4,-0.000163753385,-0.001721984329,1.9190223695065928e-07,1.8276259567113503e-09,-8.285939282442168e-09
7.0,8.5725275379999995e-16,0.131514385,2.328525129e-05,0.001435120777369716,0.0012107262202109817,3.0170688096968347e-06
7.0,0.005204005258,0.1315108283,4.601804814e-05,0.0014351116822513084,0.0012096026037201316,6.021936146819023e-06
7.0,0.01033966345,0.1315003474,8.982163094e-05,0.001435084841851485,0.0012101784160881703,1.1939910496007325e-05
7.0,0.01540787221,0.1314832192,0.0001328193054,0.0014350410396353143,0.001210883022442033,1.776735426663152e-05
7.0,0.02040951739,0.1314597116,0.0001759310603,0.0014349809441664921,0.0012102113836109272,2.3515533125829213e-05
7.0,0.0253454732,0.1314300863,0.0002183879976,0.001434905052028831,0.001210473211959607,2.918291372654836e-05
7.0,0.03021660239,0.1313945982,0.0002602733159,0.0014348139059288919,0.00121056151064359,3.476967939221301e-05
7.0,0.03502375636,0.1313534955,0.0003015344231,0.0014347080022950093,0.0012107128389536321,4.0275755310447436e-05
7.0,0.03976777532,0.1313070198,0.0003421983651,0.0014345878134470649,0.001210847819745861,4.570132872155281e-05
7.0,0.04444948847,0.1312554059,0.0003822599362,0.0014344537819128017,0.0012110090350599047,5.104658176588591e-05
7.0,0.04906971409,0.1311988822,0.0004217231361,0.0014343063275652009,0.0012111821133223679,5.6311783841968854e-05
7.0,0.05362925975,0.1311376703,0.0004605894516,0.001434145849599323,0.0012113698928804012,6.149725928604912e-05
7.0,0.05812892238,0.1310719859,0.0004988621241,0.0014339727254967997,0.0012115698178899639,6.6603393125476e-05
7.0,0.06256948846,0.1310020378,0.0005365443498,0.0014337873178982305,0.0012117816937851703,7.163062296440482e-05
7.0,0.06695173415,0.1309280291,0.0005736398215,0.0014335899705224075,0.0012120044887986815,7.657943636056286e-05
7.0,0.07127642538,0.1308501564,0.0006101525208,0.0014333810148762381,0.0012122374817432298,8.145036713618203e-05
7.0,0.07554431806,0.1307686106,0.0006460867507,0.0014331607700914962,0.001212479800539044,8.624399170894197e-05
7.0,0.07975615815,0.1306835764,0.0006814471334,0.001432929541659576,0.0012127308112195173,9.09609259629234e-05
7.0,0.08391268182,0.1305952329,0.0007162384673,0.0014326876280393679,0.0012129894322457052,9.560182184277556e-05
7.0,0.08801461558,0.1305037533,0.0007504659944,0.0014324353157034648,0.0012132561688128357,0.00010016736522209353
7.0,0.09206267639,0.1304093055,0.0007841344284,0.0014321728858711193,0.0012135271503093,0.00010465824357707061
7.0,0.09605757177,0.1303120517,0.0008172505322,0.0014319006101239558,0.0012138065612200346,0.00010909493034618924
7.0,0.1,0.1302121486,0.0008498206216,0.0014316187532655816,0.0012140900236770607,0.0001134450624738627
7.0,0.1037429218,0.1301137054,0.0008806336889,0.0014313388716710538,0.001214365378132307,0.000117507073492144
7.0,0.1075400176,0.1300102726,0.0009117806698,0.001431042518009447,0.0012146549516032477,0.00012162582134159539
7.0,0.1113920715,0.129901688,0.0009432607609,0.0014307288888923185,0.0012149541397130045,0.0001258245674205212
7.0,0.115299879,0.1297877863,0.0009750712603,0.00143039713493924,0.0012152653694162507,0.00013006725328106644
7.0,0.119264247,0.1296683978,0.001007209184,0.0014300463622812043,0.0012155881180053324,0.0001343535145400852
7.0,0.1232859942,0.1295433494,0.001039671039,0.001429675628590507,0.0012159224490144172,0.00013868289115737857
7.0,0.1273659511,0.1294124637,0.001072452943,0.0014292839417218543,0.0012162682348625137,0.00014305486592826208
7.0,0.1315049601,0.1292755596,0.001105550535,0.0014288702571239368,0.001216625415232128,0.00014746886162742183
7.0,0.135703876,0.1291324521,0.001138958979,0.001428433474632037,0.0012169938515244555,0.00015192423828684257
7.0,0.1399635659,0.1289829521,0.001172672931,0.0014279724342702261,0.0012173733691352934,0.00015642029037084631
7.0,0.1442849094,0.1288268667,0.001206686521,0.0014274859166391832,0.001217763744966305,0.00016095624403377533
7.0,0.1486687988,0.128663999,0.001240993331,0.0014269726370683944,0.001218164706645628,0.00016553125456559632
7.0,0.1531161394,0.1284941482,0.001275586367,0.001426431242936437,0.0012185759267391457,0.00017014440344600884
7.0,0.1576278496,0.1283171098,0.00131045804,0.0014258603122767682,0.0012189970213995122,0.000174794695044456
7.0,0.1622048611,0.1281326751,0.001345600136,0.0014252583469307363,0.0012194275423050957,0.0001794810538875774
7.0,0.166848119,0.1279406319,0.001381003792,0.0014246237725725444,0.001219866975834737,0.00018420232125474623
7.0,0.1715585821,0.127740764,0.001416659474,0.0014239549329680213,0.0012203147366500323,0.00018895725283571326
7.0,0.1763372232,0.1275328516,0.001452556943,0.0014232500870330592,0.0012207701636479946,0.0001937445152895419
7.0,0.181185029,0.1273166713,0.001488685234,0.001422507405296359,0.0012212325146511128,0.00019856268300464533
7.0,0.1861030006,0.127091996,0.001525032629,0.0014217249658005195,0.0012217009615114475,0.00020341023480216727
7.0,0.1910921536,0.1268585951,0.001561586622,0.0014209007494169357,0.0012221745836901658,0.0002082855512298635
7.0,0.1961535182,0.1266162347,0.001598333902,0.001420032637164486,0.0012226523644046216,0.0002131869111101363
7.0,0.2012881397,0.1263646775,0.001635260313,0.0014191184047383288,0.0012231331834791914,0.0002181124890147493
7.0,0.2064970782,0.1261036831,0.001672350835,0.0014181557209143648,0.001223615814002683,0.00022306035136064996
7.0,0.2117814095,0.1258330081,0.001709589548,0.0014171421388268633,0.0012240989106176358,0.00022802845377112226
7.0,0.2171422247,0.125552406,0.001746959608,0.0014160750978833136,0.0012245810116946463,0.0002330146377175885
7.0,0.222580631,0.1252616278,0.001784443214,0.0014149519143102224,0.0012250605234530865,0.00023801662807057582
7.0,0.2280977512,0.1249604216,0.001822021584,0.0014137697786560223,0.0012255357250188783,0.00024303203005804314
7.0,0.2336947247,0.1246485335,0.001859674917,0.001412525754027153,0.001226004738008086,0.00024805832623962955
7.0,0.2393727073,0.124325707,0.001897382379,0.0014112167677593234,0.001226465604133246,0.00025309287334577033
7.0,0.2451328714,0.1239916839,0.001935122008,0.001409839610694909,0.0012269160264396345,0.0002581329011179547
7.0,0.2509764065,0.1236462041,0.001972870838,0.0014083909327410897,0.001227353848364417,0.0002631755085762838
7.0,0.2569045194,0.1232890059,0.002010604834,0.0014068672365690552,0.001227776491869309,0.0002682176607378771
7.0,0.2629184342,0.1229198266,0.002048298594,0.0014052648773009164,0.0012281812045262127,0.00027325618982618856
7.0,0.2690193927,0.1225384023,0.002085925602,0.0014035800571653373,0.001228565312754399,0.00027828778994769916
7.0,0.2752086549,0.1221444683,0.00212345823,0.001401808822606746,0.0012289256372220985,0.00028330901642726274
7.0,0.2814874987,0.1217377598,0.00216086755,0.001399947061001124,0.001229259005084597,0.0002883162848300681
7.0,0.2878572208,0.1213180116,0.002198123391,0.001397990498020019,0.0012295619632331002,0.0002933058691075699
7.0,0.2943191364,0.1208849591,0.002235194293,0.0013959346951193663,0.0012298308719056836,0.00029827390076865573
7.0,0.3008745801,0.1204383381,0.002272047494,0.0013937750491063306,0.0012300618699752697,0.00030321636755224827
7.0,0.3075249055,0.1199778853,0.002308648909,0.0013915067857139234,0.0012302508753882673,0.0003081291136240594
7.0,0.3142714859,0.1195033391,0.002344963105,0.001389124964916809,0.001230393581361391,0.000313007839432905
7.0,0.3211157144,0.1190144395,0.002380953291,0.0013866244745960334,0.0012304854469133949,0.0003178481018564313
7.0,0.3280590044,0.1185109287,0.002416581294,0.001384000033622193,0.0012305216937385302,0.0003226453149597466
7.0,0.3351027897,0.1179925515,0.00245180755,0.0013812461893695353,0.0012304972985685545,0.00032739475072771166
7.0,0.3422485248,0.1174590561,0.002486591094,0.0013783573232680644,0.001230406993890798,0.00033209154078977783
7.0,0.3494976853,0.1169101941,0.002520889542,0.001375327646582844,0.00123024525859893,0.0003367306784814128
7.0,0.3568517682,0.1163457211,0.002554659093,0.0013721512077207467,0.0012300063191600307,0.0003413070216853496
7.0,0.364312292,0.1157653974,0.002587854519,0.001368821892119615,0.0012296841435069964,0.00034581529514592297
7.0,0.3718807975,0.1151689884,0.002620429164,0.0013653334282549088,0.0012292724407704145,0.0003502500943932818
7.0,0.3795588474,0.1145562653,0.002652334945,0.0013616793924351633,0.0012287646608202982,0.0003546058892911039
7.0,0.3873480273,0.1139270052,0.00268352236,0.0013578532129560317,0.0012281539920157105,0.0003588770297724332
7.0,0.3952499456,0.1132809923,0.002713940491,0.001353848177988048,0.0012274333638599773,0.00036305775070404983
7.0,0.4032662342,0.1126180178,0.002743537015,0.0013496574435070809,0.0012265954469390255,0.00036714217764508066
7.0,0.4113985483,0.111937881,0.002772258221,0.0013452740433077452,0.0012256326652119313,0.00037112433319538303
7.0,0.4196485673,0.11124039,0.002800049027,0.0013406908960213976,0.0012245371479281926,0.0003749981450134614
7.0,0.4280179948,0.1105253616,0.002826853046,0.0013359008344009796,0.001223300801010496,0.0003787577632632312
7.0,0.4365085591,0.1097926225,0.00285261253,0.0013308966605609768,0.0012219153835446412,0.00038239742486223234
7.0,0.4451220135,0.1090420101,0.00287726837,0.001325670646565738,0.001220372375354403,0.00038590732614521164
7.0,0.4538601367,0.1082733725,0.002900760227,0.00132021572994964,0.0012186628809862509,0.0003892843299485175
7.0,0.4627247331,0.1074865697,0.002923026697,0.0013145246745955978,0.0012167778030847585,0.00039252397383457416
7.0,0.4717176332,0.1066814739,0.002944005206,0.0013085895587170767,0.0012147080488451802,0.0003956159794402112
7.0,0.4808406941,0.1058579706,0.002963631927,0.001302403051898924,0.0012124442971386846,0.0003985552325418858
7.0,0.4900957997,0.1050159584,0.002981842011,0.0012959576729779149,0.0012099769197544668,0.00040133525734929634
7.0,0.4994848611,0.1041553509,0.002998569645,0.0012892459764024273,0.0012072961790763218,0.0004039495739293628
7.0,0.5090098173,0.103276076,0.00301374809,0.0012822605708992492,0.0012043922112362235,0.0004063917234989113
7.0,0.518672635,0.1023780778,0.003027309754,0.0012749941458973756,0.001201255025966157,0.00040865528161656656
7.0,0.5284753098,0.1014613163,0.003039186276,0.001267439495874919,0.0011978745338619646,0.00041073387589065914
7.0,0.5384198657,0.1005257687,0.003049308608,0.0012595895496018278,0.0011942405689757143,0.0004126212013529325
7.0,0.5485083564,0.09957142971,0.003057607114,0.0012514373940154557,0.0011903429039539825,0.0004143110396473266
7.0,0.5587428652,0.09859831224,0.003064011672,0.0012429763080963176,0.001186171294149115,0.00041579727742857363
7.0,0.5691255055,0.09760644811,0.00306845177,0.0012341997886866128,0.0011817154994233441,0.0004170739257288562
7.0,0.5796584212,0.09659588865,0.003070856623,0.001225101586229105,0.0011769653091623685,0.00041813513985459354
7.0,0.5903437875,0.09556670525,0.003071155293,0.0012156757331483322,0.0011719105733953735,0.00041897523987084723
7.0,0.6011838108,0.09451899004,0.003069276822,0.0012059165804094666,0.0011665412470901037,0.00041958873100194667
7.0,0.6121807297,0.09345285641,0.003065150351,0.0011958188298395777,0.0011608474025149415,0.0004199703268675946
7.0,0.6233368149,0.09236843962,0.003058705291,0.0011853775682080486,0.0011548193271513727,0.00042011496797714063
7.0,0.6346543703,0.09126589729,0.003049871388,0.001174588305152214,0.0011484474141670665,0.00042001785385138886
7.0,0.6461357329,0.09014541,0.003038579095,0.0011634470040637911,0.0011417225874550258,0.0004196744457879274
7.0,0.6577832735,0.08900718174,0.003024759284,0.0011519501289892493,0.0011346350200426407,0.0004190805186038266
7.0,0.6695993975,0.08785144045,0.003008345439,0.0011400946549697316,0.0011271780300783705,0.00041823221445655683
7.0,0.6815865448,0.08667843831,0.002989268971,0.001127878150862189,0.001119340677234965,0.0004171257471185226
7.0,0.6937471908,0.08548845223,0.002967461,0.0011152987747859882,0.0011111164362392384,0.00041575810586009913
7.0,0.7060838467,0.08428178458,0.002942861011,0.0011023553023327564,0.0011024990893753292,0.00041412658540984865
7.0,0.7185990599,0.08305876324,0.002915407371,0.0010890471950227882,0.001093479047657504,0.0004122285458539942
7.0,0.7312954149,0.08181974177,0.00288503738,0.00107537461263877,0.00108405214259882,0.00041006213031086674
7.0,0.7441755335,0.0805651,0.00285169253,0.0010613384717135326,0.0010742116272441486,0.0004076258238131193
7.0,0.7572420753,0.07929524423,0.00281531613,0.001046940443947242,0.0010639526777190943,0.0004049185935424382
7.0,0.7704977387,0.07801060741,0.002775854189,0.0010321830061656217,0.0010532707948832597,0.00040193991440095657
7.0,0.783945261,0.07671164936,0.002733255343,0.0010170694612293097,0.0010421623458288511,0.00039868977512256095
7.0,0.797587419,0.07539885689,0.002687471217,0.0010016039699323478,0.0010306244308210088,0.00039516870559889024
7.0,0.8114270298,0.07407274388,0.002638456618,0.0009857915726606107,0.001018655001445169,0.0003913777910903952
7.0,0.8254669514,0.07273385138,0.002586169802,0.0009696382129088963,0.001006252879639423,0.0003873186908182662
7.0,0.839710083,0.07138274757,0.002530572713,0.0009531507564664001,0.0009934178075377224,0.00038299365175545173
7.0,0.8541593657,0.07002002775,0.002471631248,0.0009363370089871428,0.0009801504858270621,0.000378405523348333
7.0,0.8688177834,0.06864631419,0.002409315513,0.000919205728821832,0.0009664526147163255,0.0003735577693277083
7.0,0.883688363,0.06726225607,0.002343600088,0.0009017666384962652,0.0009523269328170826,0.0003684544785560629
7.0,0.8987741753,0.06586852917,0.002274464288,0.0008840304297234363,0.0009377772492870075,0.0003631003731702888
7.0,0.9140783356,0.06446583571,0.002201892435,0.0008660087709910801,0.0009228084794680797,0.0003575008148715763
7.0,0.929604004,0.06305490397,0.002125874131,0.0008477143023566463,0.0009074266691936849,0.0003516618092524366
7.0,0.9453543867,0.06163648796,0.002046404523,0.0008291606329879718,0.0008916390243421489,0.00034559000784339645
7.0,0.9613327362,0.06021136696,0.001963484583,0.000810362333726466,0.0008754539357160915,0.00033929270732686585
7.0,0.9775423519,0.05878034502,0.001877121371,0.0007913349212320636,0.0008588809943832873,0.0003327778466338278
7.0,0.9939865811,0.05734425046,0.001787328308,0.0007720948419275769,0.000841931006888469,0.0003260540008700632
7.0,1.01066882,0.0559039352,0.001694125448,0.0007526594493150786,0.0008246160050053104,0.00031913037296856016
7.0,1.027592512,0.05446027411,0.001597539742,0.0007330469765034001,0.0008069492521388366,0.0003120167823613979
7.0,1.044761154,0.05301416427,0.001497605305,0.0007132765061604648,0.0007889452467191241,0.0003047236502735039
7.0,1.062178289,0.05156652415,0.001394363666,0.0006933679318468061,0.0007706197150385352,0.0002972619829214939
7.0,1.079847516,0.05011829281,0.001287864027,0.000673341918219888,0.0007519896022768282,0.0002896433507993811
7.0,1.097772482,0.04867042888,0.001178163513,0.0006532198539670385,0.0007330730561235341,0.00028187986528439184
7.0,1.115956889,0.04722390968,0.001065327413,0.0006330238023383377,0.0007138894085500174,0.00027398415236184613
7.0,1.134404493,0.04577973013,0.0009494294144,0.0006127764441434181,0.000694459148459568,0.00026596932310508377
7.0,1.153119101,0.04433890166,0.0008305518288,0.0005925010192120568,0.0006748038898624712,0.00025784894102262406
7.0,1.17210458,0.04290245109,0.0007087858099,0.0005722212619329811,0.0006549463324236213,0.0002496369868642632
7.0,1.19136485,0.04147141943,0.0005842315663,0.0005519613336412703,0.0006349102173471077,0.00024134781978389197
7.0,1.210903887,0.04004686065,0.0004569985643,0.0005317457500468984,0.0006147202775937334,0.00023299613647130048
7.0,1.230725728,0.03862984046,0.00032720572,0.0005115993069285292,0.0005944021829166259,0.00022459692774562411
7.0,1.250834464,0.03722143496,0.0001949815844,0.0004915470023269331,0.0005739824793552288,0.00021616543352325588
7.0,1.271234248,0.03582272937,6.046451803e-05,0.00047161414188916445,0.0005534887044995052,0.00020771708536231195
7.0,1.291929293,0.03443481682,-7.619712133e-05,0.00045183049010037333,0.000532953544692868,0.000199267458548583
7.0,1.312923873,0.0330587971,-0.0002148447993,0.00043222979631543727,0.0005124143891638198,0.0001908322462926026
7.0,1.334222322,0.0316957752,-0.0003553096778,0.0004128415317892948,0.0004919050733016012,0.0001824271845764516
7.0,1.35582904,0.03034685971,-0.0004974125061,0.0003936910046516341,0.00047145598378783626,0.0001740679807950696
7.0,1.377748487,0.02901316134,-0.0006409635085,0.0003748032007602186,0.0004510979003021534,0.00016577026958081658
7.0,1.39998519,0.02769579163,-0.0007857622662,0.00035620269222955955,0.00043086189507041855,0.00015754955293593596
7.0,1.422543741,0.02639586154,-0.0009315976003,0.0003379135442416249,0.00041077923011068843,0.00014942114135787872
7.0,1.445428798,0.02511448018,-0.001078247458,0.00031995922343080476,0.0003908812526027885,0.0001414000953934006
7.0,1.468645087,0.02385275362,-0.001225478797,0.00030236250754848905,0.0003711992862236503,0.0001335011664245131
7.0,1.492197403,0.02261178373,-0.001373047457,0.0002851453972450241,0.0003517645210759503,0.00012573873893409544
7.0,1.516090608,0.02139266722,-0.001520698022,0.00026832903147142105,0.00033260790304209966,0.00011812677285868325
7.0,1.540329637,0.02019649473,-0.001668163651,0.00025193360585588817,0.0003137600244212408,0.00011067874792870779
7.0,1.564919496,0.01902435018,-0.001815165899,0.00023597829656176654,0.00029525101449288596,0.00010340761046812324
7.0,1.589865261,0.01787731031,-0.001961414472,0.0002204811888271763,0.00027711043663155996,9.63257213748872e-05
7.0,1.615172084,0.01675644449,-0.002106606957,0.00020545921180466903,0.0002593671580765621,8.944481254745734e-05
7.0,1.640845191,0.0156628148,-0.002250428299,0.00019092808036796086,0.00024204929599859422,8.277593483783062e-05
7.0,1.666889884,0.01459747661,-0.002392550684,0.00017690224560689216,0.0002251841233327935,7.632941647169178e-05
7.0,1.69331154,0.01356147953,-0.002532632797,0.00016339485181573253,0.0002087979057832719,7.011484053952272e-05
7.0,1.720115616,0.01255586883,-0.002670318866,0.00015041770454981437,0.00019291589136270022,6.414100282915681e-05
7.0,1.747307647,0.01158168768,-0.002805238075,0.00013798124790423768,0.00017756225741601144,5.841588490900298e-05
7.0,1.774893249,0.01063998,-0.002937003391,0.000126094553273871,0.00016275999150119533,5.2946644613911895e-05
7.0,1.802878116,0.009731794206,-0.003065210048,0.00011476531731127378,0.00014853094607346687,4.773958808967765e-05
7.0,1.831268029,0.008858188159,-0.003189434625,0.00010399988086896435,0.00013489557757082851,4.280019397321992e-05
7.0,1.86006885,0.008020234802,-0.003309231389,9.380323368711685e-05,0.00012187335377539097,3.813310050130397e-05
7.0,1.889286525,0.007219029184,-0.003424129059,8.417908072897169e-05,0.00010948235577846805,3.374210090961097e-05
7.0,1.91892709,0.006455697912,-0.00353363168,7.512988956573574e-05,9.773935547015172e-05,2.9630159294091927e-05
7.0,1.948996664,0.005731408518,-0.003637213198,6.665692085254017e-05,8.666019086516392e-05,2.5799487698098548e-05
7.0,1.979501456,0.005047379872,-0.003734311291,5.876032892822736e-05,7.625939530664651e-05,2.225155580186459e-05
7.0,2.010447767,0.004404893629,-0.003824324949,5.143923207191883e-05,6.655049029018114e-05,1.8987091744505733e-05
7.0,2.041841986,0.003805303406,-0.003906610256,4.4691773439136314e-05,5.754596139841496e-05,1.600615273435367e-05
7.0,2.073690596,0.003250039072,-0.003980477296,3.851516571415041e-05,4.925723030325714e-05,1.3308121262217676e-05
7.0,2.106000175,0.002740599314,-0.00404519034,3.290567352577679e-05,4.169452302708019e-05,1.0891681443936682e-05
7.0,2.138777393,0.002278521027,-0.004099974734,2.7858483874038476e-05,3.486649476434573e-05,8.754705108642446e-06
7.0,2.17202902,0.001865306105,-0.00414403657,2.3367379032283765e-05,2.8779432615927385e-05,6.893990006742133e-06
7.0,2.205761922,0.001502276187,-0.004176604664,1.942408937639174e-05,2.343575332625824e-05,5.304724542799756e-06
7.0,2.239983065,0.001190318278,-0.004197007552,1.6017186806629697e-05,1.8831401527168543e-05,3.9795509166817135e-06
7.0,2.274699515,0.0009294910519,-0.004204796391,1.3130383161671008e-05,1.4951881359017918e-05,2.9070359681513804e-06
7.0,2.309918441,0.0007185121111,-0.00419991315,1.0740301999151468e-05,1.1766663294373245e-05,2.0697337428883864e-06
7.0,2.345647117,0.0005542535398,-0.004182853816,8.813883341358878e-06,9.225093135863802e-06,1.4427999683120741e-06
7.0,2.381892919,0.0004315119797,-0.00415478166,7.306554883872688e-06,7.252533386025144e-06,9.933865793535511e-07
7.0,2.418663334,0.0003433227936,-0.004117507256,6.1621315389662246e-06,5.754830714065547e-06,6.842346971122552e-07
7.0,2.455965953,0.0002818483572,-0.00407319968,5.315925502809315e-06,4.6299408258827495e-06,4.794668709015498e-07
7.0,2.49380848,0.000239537411,-0.004024008132,4.701260391709241e-06,3.7797343920325403e-06,3.4837053220985576e-07
7.0,2.53219873,0.0002100509376,-0.00397180168,4.256797154937347e-06,3.121642490264091e-06,2.6760696586666527e-07
7.0,2.571144629,0.0001886507055,-0.003918018461,3.931873004421686e-06,2.5933819698151254e-06,2.2089630211483374e-07
7.0,2.610654221,0.0001721086555,-0.00386365691,3.688226362926361e-06,2.151687681087191e-06,1.9722132545588184e-07
7.0,2.650735663,0.0001583675983,-0.003809363946,3.4987881878652246e-06,1.7685045519355587e-06,1.892294045364019e-07
7.0,2.691397234,0.0001461727593,-0.003755538362,3.345178661585125e-06,1.4263629601312142e-06,1.919850826667979e-07
7.0,2.732647329,0.000134777667,-0.003702418153,3.215150321136092e-06,1.1146426670960397e-06,2.0215117646391923e-07
7.0,2.774494467,0.0001237435958,-0.003650141884,3.1005694644604283e-06,8.269359151822481e-07,2.174420855836676e-07
7.0,2.816947288,0.0001128142217,-0.00359878819,2.9960038210720893e-06,5.593794758553943e-07,2.3625762326378272e-07
7.0,2.86001456,0.000101840944,-0.003548399799,2.897796952896358e-06,3.0964879031448737e-07,2.574353484429956e-07
7.0,2.903705176,9.073941703e-05,-0.003498997735,2.803478806687131e-06,7.637522688846805e-08,2.8008538844952903e-07
7.0,2.948028158,7.946446832e-05,-0.003450589589,2.7113953052082128e-06,-1.411873216175646e-07,3.03480793541952e-07
7.0,2.992992659,6.799564506e-05,-0.003403174291,2.620476473637672e-06,-3.433536862948669e-07,3.269849729697755e-07
7.0,3.038607963,5.632886636e-05,-0.003356744852,2.530091158753768e-06,-5.301213746400177e-07,3.5000455366786556e-07
7.0,3.084883491,4.447158518e-05,-0.003311289892,2.4399551695140718e-06,-7.01244522311939e-07,3.719598214818427e-07
7.0,3.131828798,3.243998799e-05,-0.003266794449,2.350072722472229e-06,-8.56284709515229e-07,3.922674197695081e-07
7.0,3.179453579,2.025737295e-05,-0.003223240384,2.2606963821447296e-06,-9.946571380232182e-07,4.103343699532478e-07
7.0,3.227767668,7.953190562e-06,-0.003180606558,2.172294700714774e-06,-1.1156837297208834e-06,4.2556302204011237e-07
7.0,3.276781041,-4.437567107e-06,-0.003138868908,2.0855191396829867e-06,-1.218658786709911e-06,4.3736718501340113e-07
7.0,3.326503821,-1.687484587e-05,-0.003098000442,2.001162737406625e-06,-1.3029324043080524e-06,4.4519905764013044e-07
7.0,3.376946275,-2.931401137e-05,-0.003057971264,1.9201085381589333e-06,-1.3680040391936485e-06,4.4858335482333344e-07
7.0,3.428118819,-4.170641793e-05,-0.003018748668,1.8432654558889475e-06,-1.413623505508453e-06,4.4715664229662166e-07
7.0,3.48003202,-5.400012462e-05,-0.002980297352,1.771491716949017e-06,-1.439894909888555e-06,4.4070853582423713e-07
7.0,3.532696599,-6.614081091e-05,-0.00294257974,1.7055099503948773e-06,-1.4473725658646218e-06,4.2921966018064763e-07
7.0,3.58612343,-7.807293883e-05,-0.002905556483,1.6458222561460611e-06,-1.4371303673791145e-06,4.1288840882941083e-07
7.0,3.640323547,-8.974114844e-05,-0.002869187104,1.5926419697018603e-06,-1.410776310528108e-06,3.9213676333673586e-07
7.0,3.695308141,-0.0001010918354,-0.00283343081,1.5458539295101598e-06,-1.3704092035917847e-06,3.6759215868005466e-07
7.0,3.751088567,-0.0001120748184,-0.002798247428,1.5050158019094614e-06,-1.3185168969731117e-06,3.400440375956386e-07
7.0,3.807676344,-0.0001226449418,-0.002763598347,1.4694090043499795e-06,-1.257807790781878e-06,3.103739650093906e-07
7.0,3.865083157,-0.0001327633937,-0.002729447408,1.4381106490208504e-06,-1.190996237787206e-06,2.79492724329315e-07
7.0,3.92332086,-0.0001423984365,-0.002695761588,1.4101410548952062e-06,-1.1206038217418273e-06,2.4823597862420624e-07
7.0,3.98240148,-0.0001515255492,-0.002662511059,1.3845867865743184e-06,-1.0487822352423624e-06,2.1729864606144968e-07
7.0,4.042337217,-0.0001601267855,-0.002629669091,1.3606568198413075e-06,-9.771919147465044e-07,1.8723495783336898e-07
7.0,4.103140447,-0.0001681895802,-0.002597211711,1.3377401886506645e-06,-9.070224937534872e-07,1.5843914316961914e-07
7.0,4.164823726,-0.0001757056149,-0.002565117067,1.3153801497351755e-06,-8.390998857750041e-07,1.31175225978905e-07
7.0,4.227399792,-0.0001826700753,-0.002533365157,1.2932011403111741e-06,-7.740216916102336e-07,1.0562837576969889e-07
7.0,4.290881567,-0.0001890816161,-0.002501937948,1.2708498762737152e-06,-7.122780275369479e-07,8.193595458888005e-08
7.0,4.35528216,-0.0001949428432,-0.002470819827,1.2479789004845887e-06,-6.542923566607359e-07,6.019771740042818e-08
7.0,4.420614869,-0.0002002608096,-0.002439998034,1.2242791675026833e-06,-6.003870886143983e-07,4.046801391681281e-08
7.0,4.486893186,-0.0002050469769,-0.002409462764,1.1995330562798103e-06,-5.507240932927042e-07,2.2744055123446905e-08
7.0,4.554130797,-0.0002093164477,-0.002379206792,1.1736489060861498e-06,-5.0527487513383e-07,6.9645722492611515e-09
7.0,4.622341587,-0.0002130866832,-0.002349224756,1.146658599688404e-06,-4.6384241678510577e-07,-6.978261786689951e-09
7.0,4.691539642,-0.000216376119,-0.00231951234,1.1186856303938658e-06,-4.261191544119793e-07,-1.9219380334690127e-08
7.0,4.76173925,-0.0002192030333,-0.00229006557,1.0899027125495971e-06,-3.917507310017994e-07,-2.9901710734481306e-08
7.0,4.832954907,-0.000221584833,-0.002260880345,1.0604953288189375e-06,-3.6038462728052165e-07,-3.9162860052012375e-08
7.0,4.905201321,-0.0002235377282,-0.002231952184,1.0306383738912643e-06,-3.316979683051512e-07,-4.7128503019545254e-08
7.0,4.97849341,-0.0002250766854,-0.002203276156,1.0004848250781751e-06,-3.0540797185967775e-07,-5.39105791859286e-08
7.0,5.052846308,-0.0002262155436,-0.002174846912,9.701627554724078e-07,-2.8127186818332416e-07,-5.960832757504005e-08
7.0,5.128275369,-0.0002269671937,-0.002146658775,9.39777127950984e-07,-2.5908223047437795e-07,-6.431042177929268e-08
7.0,5.20479617,-0.0002273437692,-0.002118705847,9.094133364246886e-07,-2.3866073776477114e-07,-6.809706886047087e-08
7.0,5.282424513,-0.0002273568218,-0.002090982108,8.791410276126708e-07,-2.1985234962151662e-07,-7.10418948809958e-08
7.0,5.361176426,-0.000227017467,-0.002063481508,8.490176993315837e-07,-2.025203533188179e-07,-7.321335777872386e-08
7.0,5.441068173,-0.0002263365022,-0.002036198039,8.190913878056828e-07,-1.8654293132284366e-07,-7.467571930345509e-08
7.0,5.522116252,-0.0002253244991,-0.002009125797,7.894030491128328e-07,-1.7180892941762333e-07,-7.549003742375614e-08
7.0,5.604337398,-0.0002239918627,-0.001982259053,7.59989738404799e-07,-1.5821966288794706e-07,-7.571554542742334e-08
7.0,5.68774859,-0.000222348862,-0.001955592204,7.308791620170804e-07,-1.4567954164436956e-07,-7.540854966426616e-08
7.0,5.772367054,-0.0002204058713,-0.001929120019,7.021053314033771e-07,-1.341115770131148e-07,-7.461034969785575e-08
7.0,5.858210261,-0.0002181731542,-0.00190283716,6.736910521990155e-07,-1.234185298707355e-07,-7.338556246270091e-08
7.0,5.94529594,-0.0002156607572,-0.001876739438,6.456578658936454e-07,-1.1356900246503788e-07,-7.178881092108104e-08
7.0,6.033642073,-0.0002128789458,-0.001850820918,6.180333173251534e-07,-1.0439508930000243e-07,-6.984992490686809e-08
7.0,6.123266903,-0.0002098381744,-0.001825080917,5.908341442635264e-07,-9.61121203454852e-08,-6.76211273312114e-08
7.0,6.214188939,-0.000206548767,-0.001799506067,5.640808933202702e-07,-8.806315402681104e-08,-6.512955221775185e-08
7.0,6.306426956,-0.0002030213402,-0.001774122608,5.377925294941869e-07,-8.083223307836004e-08,-6.24815265657096e-08
7.0,6.4,-0.0001992591398,-0.001748909012,5.121354593216219e-07,-7.442354692465785e-08,-5.963052698921033e-08
9.0,1.102182113e-15,0.104187575,1.461475048e-05,0.0008948284433196837,0.0007547165077342157,1.499650352512516e-06
9.0,0.005204005335,0.1041857978,2.888301259e-05,0.0008948249894832147,0.0007540136831836509,2.9933162710901455e-06
9.0,0.0103396636,0.1041805607,5.637747657e-05,0.000894814797142479,0.0007543676519937681,5.935237856649145e-06
9.0,0.01540787243,0.1041720015,8.337047597e-05,0.000894798171763618,0.0007547954385517412,8.832666270812479e-06
9.0,0.02040951769,0.1041602534,0.0001104424345,0.0008947753748863588,0.0007543590605920502,1.1691418086117844e-05
9.0,0.02534547358,0.104145446,0.0001371122344,0.0008947466061354862,0.0007545023429176603,1.4510940505327267e-05
9.0,0.03021660284,0.1041277057,0.0001634336185,0.0008947120818555603,0.0007545334548538,1.729150834405485e-05
9.0,0.03502375688,0.1041071551,0.0001893752017,0.0008946720062775832,0.0007546001497111749,2.003325308340231e-05
9.0,0.03976777591,0.1040839134,0.0002149554003,0.0008946265736319062,0.0007546531778764953,2.2736419311758198e-05
9.0,0.04444948913,0.1040580964,0.000240172242,0.0008945759677652712,0.0007547193774523931,2.5401233974460045e-05
9.0,0.04906971482,0.1040298166,0.0002650293789,0.0008945203663319345,0.000754790016691704,2.802795268658606e-05
9.0,0.05362926055,0.1039991829,0.0002895287636,0.0008944599384751351,0.00075486708532838,3.061684461260992e-05
9.0,0.05812892325,0.1039663014,0.0003136733284,0.00089439484557284,0.0007549492130762593,3.316819603618799e-05
9.0,0.0625694894,0.1039312747,0.0003374658639,0.0008943252422879534,0.0007550364968469098,3.5682307099500494e-05
9.0,0.06695173514,0.1038942024,0.0003609093649,0.0008942512780244854,0.0007551285104994255,3.815949125774415e-05
9.0,0.07127642644,0.1038551812,0.0003840069066,0.0008941730967056942,0.0007552250139548216,4.0600074047748426e-05
9.0,0.07554431918,0.1038143044,0.0004067616721,0.0008940908356429836,0.0007553256700437596,4.3004392042746394e-05
9.0,0.07975615934,0.1037716628,0.0004291769545,0.0008940046289695663,0.0007554302784601322,4.537279191202734e-05
9.0,0.08391268308,0.1037273443,0.0004512560794,0.0008939146045700769,0.0007555383698742739,4.770562939556603e-05
9.0,0.0880146169,0.1036814337,0.0004730025641,0.0008938208881363822,0.0007556503892921725,5.000326867081825e-05
9.0,0.09206267776,0.1036340133,0.0004944195521,0.00089372360018125,0.000755764265769326,5.226606795206664e-05
9.0,0.09605757321,0.1035851628,0.0005155112838,0.0008936228578302247,0.0007558825670722203,5.450438918515841e-05
9.0,0.1000000015,0.1035349591,0.0005362817324,0.0008935187745031701,0.0007560027584730857,5.6701810251295215e-05
9.0,0.1037429233,0.1034854667,0.0005559573037,0.0008934156202531454,0.0007561198756040772,5.8756355091238156e-05
9.0,0.1075400192,0.1034334419,0.0005758726641,0.0008933066052367452,0.0007562439687050452,6.084240931155402e-05
9.0,0.1113920731,0.1033787995,0.0005960291357,0.0008931914636656538,0.0007563723522312926,6.297190592663734e-05
9.0,0.1152998807,0.1033214524,0.0006164270237,0.0008930699154600663,0.0007565066994192892,6.512685136408096e-05
9.0,0.1192642488,0.103261311,0.0006370666834,0.0008929416676964372,0.0007566466411967769,6.730729596601214e-05
9.0,0.123285996,0.1031982834,0.0006579482351,0.0008928064108957233,0.000756792375127608,6.951325368567179e-05
9.0,0.127365953,0.1031322754,0.0006790716727,0.0008926638219749673,0.0007569439276132866,7.174472137226112e-05
9.0,0.1315049621,0.1030631903,0.000700436803,0.0008925135612274809,0.0007571013961774973,7.400167772644281e-05
9.0,0.1357038781,0.1029909289,0.0007220432533,0.0008923552705634629,0.0007572648395652504,7.628408224751787e-05
9.0,0.139963568,0.1029153897,0.0007438904561,0.0008921885748945016,0.0007574343173551458,7.859187426867816e-05
9.0,0.1442849115,0.1028364684,0.0007659776411,0.0008920130789622384,0.0007576098750115638,8.092497183806785e-05
9.0,0.148668801,0.1027540584,0.0007883038235,0.0008918283699912827,0.0007577915511172264,8.32832708410331e-05
9.0,0.1531161417,0.1026680504,0.0008108677929,0.0008916340114191527,0.0007579793695700135,8.566664355736636e-05
9.0,0.157627852,0.1025783325,0.0008336681021,0.0008914295450112992,0.0007581733420137653,8.807493784916795e-05
9.0,0.1622048635,0.1024847901,0.0008567030547,0.0008912144911161843,0.0007583734676421838,9.050797561798697e-05
9.0,0.1668481215,0.102387306,0.0008799706931,0.0008909883435293649,0.0007585797285964371,9.296555172593084e-05
9.0,0.1715585846,0.1022857604,0.0009034687857,0.0008907505706986655,0.00075879209053615,9.544743287343715e-05
9.0,0.1763372258,0.1021800307,0.0009271948138,0.0008905006154349382,0.0007590105025686025,9.795335611415336e-05
9.0,0.1811850317,0.1020699916,0.0009511459578,0.0008902378902835011,0.0007592348924335463,0.00010048302754943088
9.0,0.1861030034,0.101955515,0.0009753190836,0.0008899617792699995,0.0007594651676987565,0.00010303612089671848
9.0,0.1910921564,0.1018364703,0.000999710728,0.0008896716357235253,0.0007597012137011504,0.00010561227628354917
9.0,0.1961535212,0.1017127238,0.001024317084,0.0008893667781999222,0.0007599428894777582,0.00010821109862100581
9.0,0.2012881427,0.1015841393,0.001049133986,0.0008890464930310911,0.0007601900295578515,0.00011083215633001405
9.0,0.2064970813,0.1014505777,0.001074156893,0.0008887100301248205,0.0007604424397228407,0.00011347497959446394
9.0,0.2117814126,0.1013118974,0.001099380875,0.0008883566006477683,0.0007606998942218712,0.00011613905904048858
9.0,0.217142228,0.1011679538,0.001124800593,0.0008879853791279991,0.0007609621374964448,0.00011882384401965222
9.0,0.2225806343,0.1010185997,0.001150410288,0.0008875954955528205,0.000761228876211486,0.00012152874120782124
9.0,0.2280977546,0.1008636851,0.001176203756,0.0008871860404380626,0.0007614997832413466,0.0001242531129725197
9.0,0.2336947282,0.1007030575,0.001202174338,0.0008867560569556163,0.000761774490409167,0.00012699627564945982
9.0,0.2393727108,0.1005365616,0.001228314897,0.000886304543917049,0.0007620525877305866,0.00012975749794621075
9.0,0.245132875,0.1003640396,0.001254617806,0.0008858304493531507,0.0007623336240568252,0.00013253599917855966
9.0,0.2509764103,0.100185331,0.001281074919,0.0008853326716002106,0.0007626170879455386,0.00013533094810260618
9.0,0.2569045233,0.1000002728,0.001307677566,0.0008848100561873048,0.0007629024699405336,0.00013814146034403898
9.0,0.2629184381,0.09980869973,0.001334416486,0.0008842613936729163,0.0007631890701944681,0.00014096659797258688
9.0,0.2690193968,0.09961044382,0.001361281917,0.0008836854180537634,0.0007634763544655631,0.0001438053667339936
9.0,0.275208659,0.09940533494,0.001388263557,0.000883080804425885,0.0007637635462499203,0.00014665671417059956
9.0,0.2814875029,0.09919320068,0.001415350333,0.0008824461650010682,0.0007640498027116212,0.0001495195295523986
9.0,0.2878572251,0.09897386643,0.001442530594,0.0008817800507716071,0.0007643344111692967,0.00015239264077774591
9.0,0.2943191408,0.09874715551,0.001469792112,0.0008810809449067963,0.000764616355754009,0.00015527481318634208
9.0,0.3008745846,0.09851288924,0.001497121944,0.0008803472639314044,0.0007648946973083903,0.0001581647480931416
9.0,0.3075249101,0.0982708871,0.001524506468,0.0008795773544077994,0.0007651683645329774,0.00016106108098235057
9.0,0.3142714906,0.09802096679,0.001551931348,0.0008787694902762432,0.0007654362237136868,0.00016396238033113063
9.0,0.3211157192,0.09776294442,0.001579381521,0.0008779218702335975,0.000765697052373503,0.0001668671458462021
9.0,0.3280590093,0.09749663459,0.001606841176,0.00087703261725654,0.0007659495455022903,0.00016977380722442428
9.0,0.3351027947,0.09722185058,0.001634293733,0.0008760997760583675,0.000766192308157539,0.00017268072253977474
9.0,0.3422485299,0.09693840448,0.001661721823,0.0008751213106204035,0.0007664238524684325,0.00017558617724621278
9.0,0.3494976905,0.0966461074,0.00168910727,0.00087409510181802,0.0007666425932034566,0.0001784883830298463
9.0,0.3568517735,0.0963447696,0.001716431073,0.0008730189463596653,0.0007668468449710027,0.00018138547646723765
9.0,0.3643122975,0.09603420071,0.001743673384,0.0008718905552371072,0.0007670348185904988,0.00018427551822472314
9.0,0.371880803,0.09571420993,0.001770813496,0.0008707075520805674,0.000767204617507821,0.00018715649188036953
9.0,0.379558853,0.09538460625,0.001797829817,0.0008694674696914552,0.0007673542322007721,0.0001900263035923986
9.0,0.387348033,0.09504519865,0.00182469986,0.0008681677531484395,0.000767481541230897,0.00019288278117163255
9.0,0.3952499515,0.09469579636,0.001851400227,0.0008668057531982919,0.0007675843020707432,0.00019572367390156814
9.0,0.4032662402,0.0943362091,0.001877906588,0.0008653787314910039,0.0007676601540695145,0.00019854665176837093
9.0,0.4113985544,0.09396624732,0.001904193671,0.0008638838532902557,0.0007677066086198154,0.0002013493055771611
9.0,0.4196485735,0.09358572252,0.001930235251,0.0008623181923039281,0.00076772105137097,0.00020412914719949396
9.0,0.4280180012,0.09319444747,0.001956004129,0.0008606787280240367,0.00076770073712068,0.0002068836093371618
9.0,0.4365085656,0.09279223657,0.001981472132,0.0008589623474447585,0.0007676427884608207,0.000209610046608585
9.0,0.4451220201,0.0923789061,0.002006610095,0.000857165843237379,0.0007675441911752892,0.00021230573556071093
9.0,0.4538601435,0.09195427458,0.002031387857,0.0008552859161045827,0.0007674017936370159,0.00021496787595358204
9.0,0.46272474,0.09151816306,0.00205577425,0.0008533191757871002,0.0007672123048656502,0.00021759359178896194
9.0,0.4717176402,0.0910703955,0.002079737102,0.0008512621441485789,0.0007669722945249234,0.0002201799329171323
9.0,0.4808407013,0.0906107991,0.002103243223,0.0008491112530523618,0.0007666781875056129,0.0002227238767476426
9.0,0.490095807,0.09013920465,0.002126258412,0.0008468628515028783,0.0007663262678758993,0.0002252223299407085
9.0,0.4994848686,0.08965544696,0.002148747455,0.0008445132056049227,0.0007659126751912875,0.00022767213097424187
9.0,0.5090098249,0.08915936515,0.002170674127,0.0008420585023739766,0.0007654334056360898,0.00023007005274372564
9.0,0.5186726428,0.08865080315,0.002192001197,0.0008394948551237677,0.0007648843137229359,0.00023241280547302726
9.0,0.5284753176,0.08812961001,0.002212690436,0.0008368183068315012,0.0007642611168077207,0.00023469704026262596
9.0,0.5384198737,0.08759564038,0.002232702622,0.0008340248361400892,0.0007635593797031977,0.0002369193518438743
9.0,0.5485083646,0.08704875488,0.002251997581,0.0008311103606756772,0.0007627745086713911,0.00023907637401700035
9.0,0.5587428735,0.08648882057,0.002270534193,0.0008280708258799519,0.000761901842439745,0.0002411648219617146
9.0,0.5691255139,0.08591571132,0.00228827032,0.0008249018724946239,0.0007609365766730658,0.00024318026461362025
9.0,0.5796584298,0.08532930835,0.002305162931,0.0008215993245839663,0.0007598737365901427,0.0002451191021585435
9.0,0.5903437963,0.08472950065,0.002321168098,0.0008181590968858827,0.0007587082246558782,0.0002469791827416026
9.0,0.6011838198,0.08411618541,0.002336241071,0.0008145767930929208,0.0007574348051522747,0.00024875628124402984
9.0,0.6121807388,0.08348926845,0.00235033628,0.0008108481562872446,0.000756048211997869,0.00025044607188451986
9.0,0.6233368242,0.08284866474,0.002363407278,0.0008069689036723047,0.0007545430524709825,0.0002520452653884876
9.0,0.6346543798,0.08219429884,0.002375406898,0.0008029347651323414,0.0007529138003256445,0.00025355018589647715
9.0,0.6461357425,0.08152610537,0.002386287246,0.0007987414903866741,0.0007511548727548908,0.0002549571594050681
9.0,0.6577832833,0.0808440295,0.002395999756,0.0007943848680899819,0.0007492606061851049,0.00025626252302395275
9.0,0.6695994075,0.0801480274,0.002404495239,0.000789860730123266,0.000747225269460849,0.0002574626335897669
9.0,0.681586555,0.07943806672,0.002411723941,0.0007851649751287301,0.0007450430833898725,0.0002585538761339978
9.0,0.6937472012,0.07871412708,0.002417635597,0.0007802935754660342,0.0007427082244038256,0.00025953267383399135
9.0,0.7060838572,0.07797620048,0.002422179502,0.0007752425965124451,0.0007402148405905653,0.000260395497132605
9.0,0.7185990706,0.07722429184,0.002425304577,0.0007700082131110442,0.0007375570725079773,0.00026113887448435446
9.0,0.7312954258,0.07645841941,0.002426959437,0.0007645867232516278,0.0007347290631614557,0.0002617594028336341
9.0,0.7441755445,0.07567861524,0.002427092476,0.0007589745676692282,0.0007317249725157026,0.00026225375850594495
9.0,0.7572420866,0.07488492563,0.002425651943,0.0007531683477753678,0.0007285390006587574,0.0002626187082800892
9.0,0.7704977502,0.07407741157,0.002422586036,0.0007471648415187291,0.0007251653966336217,0.00026285112079883305
9.0,0.7839452727,0.07325614916,0.002417842996,0.0007409610260806844,0.0007215985012279874,0.0002629479794225076
9.0,0.7975874309,0.07242123005,0.002411371178,0.0007345540921588098,0.0007178327146628152,0.00026290639146381344
9.0,0.8114270419,0.07157276185,0.002403119234,0.0007279414673671364,0.0007138626514712243,0.00026272360898255733
9.0,0.8254669637,0.0707108685,0.002393036044,0.0007211208348247265,0.0007096827162277925,0.00026239701725358803
9.0,0.8397100955,0.06983569072,0.00238107165,0.000714090154115391,0.0007052882842017978,0.0002619242279375982
9.0,0.8541593784,0.06894738623,0.002367175892,0.0007068476708648061,0.0007006739008829971,0.0002613029252365002
9.0,0.8688177964,0.06804613025,0.002351297606,0.0006993919504281266,0.0006958346506640998,0.0002605309695644882
9.0,0.8836883762,0.06713211589,0.002333389022,0.0006917219045995466,0.0006907667387439746,0.0002596066464600567
9.0,0.8987741887,0.06620555435,0.002313404193,0.0006838367904877707,0.0006854651843313847,0.00025852826430292666
9.0,0.9140783492,0.0652666752,0.002291296224,0.0006757362364172903,0.0006799261542075271,0.0002572943248800214
9.0,0.9296040179,0.06431572663,0.002267019581,0.0006674202678313385,0.0006741460907553451,0.0002559036893873882
9.0,0.9453544008,0.0633529758,0.002240530518,0.0006588893234779262,0.0006681215053019541,0.0002543554143609183
9.0,0.9613327505,0.06237870906,0.002211786808,0.0006501442709759648,0.0006618494205774305,0.00025264883823196703
9.0,0.9775423664,0.06139323211,0.002180747951,0.0006411864266677707,0.000655327207251195,0.0002507835706865273
9.0,0.9939865959,0.06039687017,0.002147375306,0.0006320175708903644,0.0006485526553389569,0.00024875951163617536
9.0,1.010668835,0.05938996817,0.002111632275,0.0006226399640492156,0.0006415239863579616,0.00024657686049036676
9.0,1.027592528,0.05837289085,0.002073484471,0.0006130563611077593,0.0006342398862729261,0.00024423612716217136
9.0,1.044761169,0.0573460228,0.002032899892,0.0006032700246787652,0.0006266995278717528,0.00024173814171802037
9.0,1.062178305,0.05630976858,0.001989849104,0.0005932847374760817,0.0006189025962322625,0.00023908406341699727
9.0,1.079847532,0.05526455272,0.001944305423,0.0005831048124658846,0.0006108493117866976,0.0002362753892471086
9.0,1.097772499,0.05421081967,0.001896245101,0.0005727351020604847,0.0006025404536376605,0.00023331396155168205
9.0,1.115956906,0.05314903379,0.001845647519,0.0005621810052141446,0.0005939773813816527,0.00023020197458146227
9.0,1.13440451,0.05207967925,0.001792495374,0.0005514484728062856,0.0005851620557718334,0.00022694198031215888
9.0,1.153119119,0.0510032599,0.00173677488,0.0005405440115560463,0.0005760970584239225,0.0002235368926962966
9.0,1.172104598,0.04992029909,0.001678475959,0.0005294746847005405,0.0005667856088580823,0.00021998999128747544
9.0,1.191364868,0.04883133949,0.001617592444,0.0005182481121668243,0.0005572315815918456,0.00021630492304856373
9.0,1.210903906,0.04773694283,0.001554122272,0.0005068724666576087,0.0005474395199269647,0.0002124857039513897
9.0,1.230725746,0.04663768958,0.001488067691,0.0004953564689011013,0.0005374146488507157,0.00020853671792338488
9.0,1.250834482,0.04553417866,0.001419435454,0.00048370937973228563,0.0005271628850961683,0.00020446271497604523
9.0,1.271234267,0.04442702703,0.00134823702,0.00047194098952607546,0.0005166908447741568,0.00020026880783786925
9.0,1.291929312,0.04331686928,0.001274488753,0.0004600616058275432,0.0005060058495072778,0.0001959604670749109
9.0,1.312923892,0.04220435713,0.001198212118,0.0004480820374978662,0.0004951159291282665,0.00019154351438481222
9.0,1.334222342,0.04109015898,0.001119433876,0.00043601357642318535,0.00048402982184742017,0.00018702411490068973
9.0,1.35582906,0.03997495929,0.001038186276,0.0004238679771540669,0.0004727569718605101,0.0001824087664829179
9.0,1.377748507,0.038859458,0.0009545072429,0.00041165743315401776,0.00046130752347928834,0.00017770428873019136
9.0,1.399985211,0.03774436989,0.0008684405639,0.00039939455067029676,0.0004496923124976151,0.00017291780950209442
9.0,1.422543762,0.03663042388,0.0007800360691,0.0003870923200222967,0.0004379228546486972,0.00016805675023366667
9.0,1.44542882,0.03551836231,0.0006893498073,0.0003747640840340934,0.0004260113302473905,0.00016312880898139407
9.0,1.468645109,0.03440894015,0.0005964442176,0.0003624235041468653,0.0004139705656931942,0.0001581419421398058
9.0,1.492197425,0.03330292422,0.0005013882949,0.00035008452432146593,0.00040181401177022044,0.000153104344082005
9.0,1.516090631,0.03220109232,0.0004042577507,0.0003377613320501426,0.00038955571835397643,0.0001480244261312506
9.0,1.54032966,0.03110423241,0.0003051351677,0.0003254683171760609,0.00037721030559680963,0.00014291079281727426
9.0,1.564919519,0.03001314164,0.0002041101486,0.0003132200289313283,0.0003647929324373344,0.00013777221789578565
9.0,1.589865284,0.02892862553,0.0001012794592,0.0003010311296103682,0.0003523192600513837,0.0001326176174231434
9.0,1.615172108,0.02785149699,-3.25283031e-06,0.0002889173995250425,0.0003398064581199554,0.00012745601489927603
9.0,1.640845215,0.0267825755,-0.0001093751939,0.00027689779270789733,0.0003272752722900306,0.0001222965259396818
9.0,1.666889908,0.02572268617,-0.0002169685244,0.00026499125148956535,0.00031474685375396637,0.00011714833264707424
9.0,1.693311565,0.02467265855,-0.0003259060366,0.00025321364643929794,0.0003022396970205108,0.0001120206371042913
9.0,1.720115642,0.02363332565,-0.0004360531724,0.00024157984713385432,0.0002897717088967646,0.000106922631184629
9.0,1.747307673,0.02260552282,-0.0005472675023,0.0002301045456545473,0.0002773610307909157,0.00010186346694592486
9.0,1.774893275,0.02159008683,-0.000659398625,0.00021880220263169109,0.00026502598103702983,9.685222295886525e-05
9.0,1.802878143,0.02058785489,-0.0007722880703,0.0002076869937733151,0.0002527849965187303,9.189787107829198e-05
9.0,1.831268056,0.01959966373,-0.0008857692008,0.0001967727567923817,0.00024065657204990642,8.700924259898652e-05
9.0,1.860068877,0.0186263487,-0.0009996671114,0.00018607293931912003,0.0002286591983925829,8.219499462697473e-05
9.0,1.889286554,0.01766874299,-0.001113798521,0.00017560054847187546,0.00021681129985702194,7.746357685428164e-05
9.0,1.918927118,0.0167276769,-0.001227971652,0.0001653681015883337,0.00020513117109730413,7.282319865668833e-05
9.0,1.948996693,0.01580397723,-0.001341986099,0.00015538757948059607,0.0001936369144647687,6.82817972441155e-05
9.0,1.979501486,0.01489846678,-0.001455632667,0.00014567038190104102,0.00018234637796074786,6.384700644971232e-05
9.0,2.010447797,0.01401196405,-0.001568693182,0.0001362272862413885,0.00017127708674394526,5.952612842223532e-05
9.0,2.041842016,0.01314528305,-0.00168094021,0.0001270684094334155,0.0001604461934423874,5.532610479717568e-05
9.0,2.073690627,0.01229923348,-0.001792136855,0.00011820317427363936,0.00014987042954261304,5.1253487153892406e-05
9.0,2.106000206,0.01147462108,-0.001902036431,0.00010964027852814116,0.0001395660253540917,4.7314419953653566e-05
9.0,2.138777425,0.01067224831,-0.002010381871,0.00010138766977173635,0.00012954866624502052,4.351461707167568e-05
9.0,2.172029053,0.009892915492,-0.00211690525,9.345252668095574e-05,0.00011983346880054166,3.985933931113587e-05
9.0,2.205761955,0.009137422381,-0.00222132717,8.584124427943394e-05,0.00011043492195996838,3.6353383930101994e-05
9.0,2.239983098,0.008406570277,-0.002323355859,7.855942461370043e-05,0.00010136686952702078,3.3001069188694736e-05
9.0,2.274699549,0.007701164819,-0.002422686398,7.161187883835077e-05,9.264243247561402e-05,2.980623044246073e-05
9.0,2.309918476,0.007022019447,-0.002518998983,6.500262351804229e-05,8.427408148103566e-05,2.6772225984730407e-05
9.0,2.345647152,0.00636995952,-0.002611956715,5.8734903209817095e-05,7.627358602040776e-05,2.3901916806881887e-05
9.0,2.381892955,0.005745828047,-0.002701205302,5.281121603964825e-05,6.865192445548486e-05,2.119766662203912e-05
9.0,2.41866337,0.005150491895,-0.002786370951,4.723332196762804e-05,6.14194655331213e-05,1.8661389426179204e-05
9.0,2.455965989,0.004584848648,-0.002867056076,4.2002288160515396e-05,5.458588622714725e-05,1.629454612865355e-05
9.0,2.493808517,0.004049834836,-0.00294283691,3.711853206963609e-05,4.8160186359900506e-05,1.4098148528651254e-05
9.0,2.532198767,0.003546434106,-0.003013260787,3.2581857917097395e-05,4.21507813184285e-05,1.2072794114140857e-05
9.0,2.571144667,0.003075684451,-0.00307784271,2.839149784345018e-05,3.6565477795978414e-05,1.0218679977127826e-05
9.0,2.61065426,0.002638682118,-0.003136063017,2.4546136676009623e-05,3.1411484753130867e-05,8.535612896364263e-06
9.0,2.650735703,0.002236577837,-0.003187367007,2.1043907055829635e-05,2.669533912075681e-05,7.0229958136031555e-06
9.0,2.691397274,0.001870557622,-0.003231168993,1.7882324433938362e-05,2.2422714762440336e-05,5.679771759008784e-06
9.0,2.73264737,0.001541795056,-0.003266864872,1.5058116325942111e-05,1.8597999926148018e-05,4.504286068214285e-06
9.0,2.774494508,0.001251354956,-0.003293859541,1.2566878627169154e-05,1.5223509398212388e-05,3.494007909362178e-06
9.0,2.81694733,0.001000021776,-0.003311618586,1.0402478161136526e-05,1.229806824307621e-05,2.6450198043772095e-06
9.0,2.860014603,0.0007880287233,-0.00331975157,8.556120231109432e-06,9.814905754233261e-06,1.951197909242945e-06
9.0,2.903705219,0.0006146905231,-0.003318133438,7.0150870644196486e-06,7.758340425483168e-06,1.403057785165271e-06
9.0,2.948028202,0.0004780144924,-0.003307027867,5.76124331636731e-06,6.1013932993090926e-06,9.868110806460957e-07
9.0,2.992992703,0.0003744526011,-0.003287178651,4.769771054977085e-06,4.802893680380537e-06,6.8387581191453e-07
9.0,3.038608008,0.0002990232717,-0.003259846118,4.00873128230564e-06,3.8088720142451974e-06,4.7224527908356095e-07
9.0,3.084883537,0.0002458738968,-0.00322663337,3.440370118160243e-06,3.0588833248291975e-06,3.2984133452759413e-07
9.0,3.131828845,0.0002091189711,-0.003189193865,3.024504697641249e-06,2.492565238661743e-06,2.3716423840027414e-07
9.0,3.179453626,0.0001836154123,-0.003149025137,2.7228860769191914e-06,2.0571496115755507e-06,1.78808065774751e-07
9.0,3.227767716,0.0001653774694,-0.003107325588,2.50287530092498e-06,1.7116070586880671e-06,1.4377878042745259e-07
9.0,3.27678109,0.0001516060764,-0.003064952658,2.3391384833143154e-06,1.4265729889758174e-06,1.2453303769781692e-07
9.0,3.326503871,0.0001404748623,-0.003022475364,2.213372781172988e-06,1.1825655396776835e-06,1.1598695525170732e-07
9.0,3.376946325,0.0001308503312,-0.002980250694,2.112975541103516e-06,9.672245223085718e-07,1.1471831521935706e-07
9.0,3.42811887,0.0001220498595,-0.002938494603,2.02948422443986e-06,7.729147651756432e-07,1.1841350863349274e-07
9.0,3.480032072,0.0001136684892,-0.002897334279,1.9572589968538755e-06,5.949440780139255e-07,1.2549973494632863e-07
9.0,3.532696651,0.0001054673528,-0.002856842908,1.8925257060564363e-06,4.304041328822893e-07,1.3489582821652066e-07
9.0,3.586123483,9.730589344e-05,-0.002817061258,1.8327340549597547e-06,2.77457357894181e-07,1.4584288295685518e-07
9.0,3.640323601,8.9101909e-05,-0.002778010645,1.7761428852903011e-06,1.3491864741557062e-07,1.5779024513807963e-07
9.0,3.695308196,8.080829703e-05,-0.002739700571,1.7215564331474725e-06,2.0147670581130614e-09,1.7031938698062767e-07
9.0,3.751088623,7.239956583e-05,-0.002702133192,1.6681574120875917e-06,-1.2175167159092064e-07,1.830927805833597e-07
9.0,3.807676401,6.386401215e-05,-0.002665305914,1.6154015407313739e-06,-2.3667905528396328e-07,1.9581905170465938e-07
9.0,3.865083215,5.519919381e-05,-0.002629212871,1.5629509686683794e-06,-3.429105033047483e-07,2.08229171773946e-07
9.0,3.923320919,4.640932024e-05,-0.002593845759,1.5106322175617311e-06,-4.40459934204759e-07,2.2006063892475353e-07
9.0,3.98240154,3.750376076e-05,-0.002559194259,1.4584095584451836e-06,-5.292299197640336e-07,2.3104760180954282e-07
9.0,4.042337277,2.849621424e-05,-0.002525246233,1.4063677530344903e-06,-6.090273066129674e-07,2.409156565432576e-07
9.0,4.103140508,1.940426659e-05,-0.002491987782,1.3546996004297995e-06,-6.795814106141217e-07,2.4938097609999856e-07
9.0,4.164823788,1.024916597e-05,-0.002459403216,1.30369454507255e-06,-7.405680134586218e-07,2.5615410497187987e-07
9.0,4.227399855,1.05568965e-06,-0.002427475002,1.25372509035302e-06,-7.916410530474765e-07,2.6094894360413216e-07
9.0,4.290881631,-8.147989711e-06,-0.002396183693,1.2052282814795353e-06,-8.32473354787089e-07,2.634969379180623e-07
9.0,4.355282225,-1.733049606e-05,-0.002365507897,1.1586803926281967e-06,-8.628082965513418e-07,2.6356580324698554e-07
9.0,4.420614935,-2.645754639e-05,-0.002335424303,1.114564071758371e-06,-8.82519007231008e-07,2.6098104945688665e-07
9.0,4.486893253,-3.549237965e-05,-0.002305907795,1.0733285167167894e-06,-8.916686202568547e-07,2.5564827735764313e-07
9.0,4.554130865,-4.439635774e-05,-0.002276931654,1.0353450462174583e-06,-8.905650108077225e-07,2.475738505046774e-07
9.0,4.622341656,-5.312977397e-05,-0.002248467875,1.000862929471853e-06,-8.798010739814372e-07,2.368800020121734e-07
9.0,4.691539712,-6.165285919e-05,-0.002220487628,9.699729135949345e-07,-8.602690212163413e-07,2.2380941708322574e-07
9.0,4.761739321,-6.992694245e-05,-0.002192961825,9.425872975703735e-07,-8.331416746561891e-07,2.0871594862692815e-07
9.0,4.832954979,-7.791569164e-05,-0.002165861765,9.184429850928381e-07,-7.9981105596361e-07,1.9203918942145026e-07
9.0,4.905201394,-8.558629602e-05,-0.002139159844,8.971204116575259e-07,-7.617889221874699e-07,1.7427789123026513e-07
9.0,4.978493484,-9.291041126e-05,-0.002112830178,8.781120821076472e-07,-7.205958046359161e-07,1.559278290781797e-07
9.0,5.052846383,-9.986476201e-05,-0.002086848911,8.608856498407404e-07,-6.776336706783341e-07,1.374417203559841e-07
9.0,5.128275446,-0.0001064311625,-0.002061194435,8.449352072160847e-07,-6.340756976483013e-07,1.192115759797354e-07
9.0,5.204796248,-0.000112595997,-0.002035847302,8.29841797313665e-07,-5.908251747419481e-07,1.015356840357411e-07
9.0,5.282424591,-0.0001183494292,-0.00201078983,8.152822620768895e-07,-5.485301304949874e-07,8.462636783028392e-08
9.0,5.361176506,-0.0001236846212,-0.001986005784,8.010055759800786e-07,-5.076460668939237e-07,6.863257857452675e-08
9.0,5.441068255,-0.0001285973764,-0.001961480265,7.867938286627682e-07,-4.685227401841773e-07,5.366396920839557e-08
9.0,5.522116334,-0.0001330863169,-0.001937199907,7.724328908483813e-07,-4.3146261980337607e-07,3.980637573559452e-08
9.0,5.604337482,-0.0001371533791,-0.001913153289,7.577125708303948e-07,-3.967312110650481e-07,2.7123455785177526e-08
9.0,5.687748675,-0.0001408041722,-0.001889331209,7.424537568125246e-07,-3.645185104210174e-07,1.564878117469603e-08
9.0,5.77236714,-0.0001440478149,-0.001865726767,7.265410824775576e-07,-3.349134371323452e-07,5.378333034012929e-09
9.0,5.858210349,-0.0001468961754,-0.001842334751,7.09939137023402e-07,-3.078579864437808e-07,-3.7286099323179e-09
9.0,5.945296028,-0.0001493627677,-0.001819151681,6.9268509270444e-07,-2.8324931736166725e-07,-1.1740965789038009e-08
9.0,6.033642163,-0.0001514616346,-0.001796173537,6.748655223941346e-07,-2.607896132827896e-07,-1.8741552177098406e-08
9.0,6.123266995,-0.0001532065285,-0.001773399242,6.56590190911997e-07,-2.405515638973736e-07,-2.4818642761841987e-08
9.0,6.214189032,-0.0001546103572,-0.001750819714,6.379713064507374e-07,-2.21631663374362e-07,-3.004049589423454e-08
9.0,6.30642705,-0.0001556851225,-0.001728452081,6.191119273228611e-07,-2.0463431146648558e-07,-3.439762101632868e-08
9.0,6.400000095,-0.0001564377868,-0.001706283541,6.001833249269453e-07,-1.893781776841868e-07,-3.8037619574241137e-08
11.0,1.347111464e-15,0.08625837908,1.00239831e-05,0.0006112610554091331,0.0005154508060977234,8.514363704914207e-07
11.0,0.005204005258,0.08625736699,1.981038005e-05,0.0006112594630957776,0.0005149697699534671,1.699498182848664e-06
11.0,0.01033966345,0.08625438447,3.866883517e-05,0.0006112547647299326,0.000515209703040117,3.3698990551221953e-06
11.0,0.01540787221,0.08624950987,5.718495234e-05,0.000611247102697009,0.0005154975579735787,5.015190902597877e-06
11.0,0.02040951739,0.08624281874,7.575793397e-05,0.0006112366003759358,0.0005151926763588919,6.63874302877454e-06
11.0,0.0253454732,0.08623438473,9.405831285e-05,0.0006112233515917046,0.0005152829408627566,8.240304834666875e-06
11.0,0.03021660239,0.08622427933,0.0001121235146,0.0006112074602510035,0.0005152950152262055,9.82008828582344e-06
11.0,0.03502375636,0.08621257202,0.0001299326105,0.0006111890237016957,0.0005153299532838711,1.1378219388328618e-05
11.0,0.03976777532,0.08619933022,0.0001474987643,0.0006111681356664217,0.0005153541868247013,1.291488329378907e-05
11.0,0.04444948847,0.08618461938,0.0001648211011,0.0006111448858030517,0.0005153861547318204,1.4430250646411042e-05
11.0,0.04906971409,0.08616850303,0.0001819025492,0.0006111193601263929,0.0005154199653775585,1.5924503961676608e-05
11.0,0.05362925975,0.08615104278,0.0001987448271,0.0006110916413650455,0.0005154570515703556,1.7397829380705532e-05
11.0,0.05812892238,0.08613229839,0.0002153502813,0.0006110618089732062,0.000515496551006443,1.8850418893712883e-05
11.0,0.06256948846,0.0861123278,0.0002317211209,0.0006110299394515617,0.0005155386027041277,2.0282468713264256e-05
11.0,0.06695173415,0.08609118719,0.0002478596561,0.0006109961064062379,0.0005155829862625896,2.169417921857315e-05
11.0,0.07127642538,0.08606893099,0.0002637682162,0.0006109603807526163,0.0005156296061749883,2.3085754383436432e-05
11.0,0.07554431806,0.08604561196,0.0002794491705,0.0006109228311273375,0.0005156783009865069,2.4457401463093566e-05
11.0,0.07975615815,0.08602128117,0.0002949049316,0.0006108835235186631,0.0005157289964888547,2.580933060094595e-05
11.0,0.08391268182,0.08599598811,0.0003101379059,0.0006108425219650314,0.0005157814411737995,2.7141754438622523e-05
11.0,0.08801461558,0.08596978068,0.0003251506002,0.0006107998883762882,0.0005158359785131016,2.8454887959231953e-05
11.0,0.09206267639,0.08594270526,0.00033994525,0.0006107556825533736,0.0005158913134118182,2.9748940711872705e-05
11.0,0.09605757177,0.08591480671,0.0003545247733,0.0006107099625741657,0.0005159491786265857,3.102985378939697e-05
11.0,0.1,0.08588612841,0.0003688919101,0.0006106627845775829,0.0005160079073235898,3.22882010955271e-05
11.0,0.1037429218,0.08585784954,0.0003825110874,0.0006106160849164543,0.0005160651765987538,3.34655396660101e-05
11.0,0.1075400176,0.08582811631,0.0003963059765,0.0006105667925106183,0.0005161262467422975,3.466178943467061e-05
11.0,0.1113920715,0.08579687898,0.0004102781779,0.0006105147959159686,0.0005161893265913386,3.5883841404636505e-05
11.0,0.115299879,0.08576408645,0.0004244286627,0.0006104599784557596,0.0005162555936861352,3.712146044875963e-05
11.0,0.119264247,0.08572968621,0.0004387585236,0.0006104022178537829,0.0005163247505485289,3.837474852479845e-05
11.0,0.1232859942,0.08569362428,0.000453268727,0.0006103413862904661,0.0005163969618697867,3.964379087567721e-05
11.0,0.1273659511,0.08565584517,0.0004679602001,0.0006102773498161405,0.0005164722517158033,4.092866687494956e-05
11.0,0.1315049601,0.08561629188,0.0004828337876,0.0006102099682033469,0.0005165507021187956,4.2229449596216585e-05
11.0,0.135703876,0.08557490582,0.0004978902606,0.0006101390945605019,0.0005166323708316611,4.354620543294548e-05
11.0,0.1399635659,0.08553162686,0.0005131303073,0.0006100645749048662,0.0005167173208649844,4.4878993580060145e-05
11.0,0.1442849094,0.0854863932,0.0005285545293,0.0006099862479499775,0.0005168056107231449,4.6227865782382415e-05
11.0,0.1486687988,0.08543914142,0.0005441634358,0.0006099039446113586,0.0005168972976088345,4.7592865713933165e-05
11.0,0.1531161394,0.08538980643,0.0005599574382,0.0006098174876947879,0.0005169924356698425,4.8974028500082925e-05
11.0,0.1576278496,0.08533832139,0.000575936844,0.0006097266913184142,0.0005170910761074025,5.037138025421004e-05
11.0,0.1622048611,0.08528461776,0.0005921018507,0.000609631360834816,0.0005171932667970377,5.1784937648767235e-05
11.0,0.166848119,0.08522862522,0.0006084525398,0.000609531291783139,0.0005172990515386405,5.321470725167978e-05
11.0,0.1715585821,0.08517027164,0.0006249888699,0.0006094262699513052,0.0005174084701106859,5.466068500031974e-05
11.0,0.1763372232,0.08510948309,0.0006417106699,0.0006093160705383038,0.0005175215573168101,5.612285566597106e-05
11.0,0.181185029,0.08504618378,0.0006586176319,0.0006092004578576739,0.0005176383428620254,5.76011922286487e-05
11.0,0.1861030006,0.08498029602,0.000675709304,0.0006090791844487072,0.000517758850402679,5.909565516336479e-05
11.0,0.1910921536,0.08491174025,0.0006929850826,0.0006089519908997323,0.0005178830974105527,6.060619207065525e-05
11.0,0.1961535182,0.08484043497,0.0007104442044,0.0006088186049582605,0.0005180110943405847,6.213273672739444e-05
11.0,0.2012881397,0.08476629673,0.0007280857383,0.0006086787408723198,0.000518142843913768,6.367520853672966e-05
11.0,0.2064970782,0.0846892401,0.0007459085769,0.0006085320989680218,0.0005182783406000368,6.523351187419568e-05
11.0,0.2117814095,0.08460917766,0.0007639114279,0.0006083783647522691,0.0005184175697454709,6.680753525824426e-05
11.0,0.2171422247,0.08452601999,0.0007820928048,0.0006082172081630674,0.0005185605068737063,6.839715065159445e-05
11.0,0.222580631,0.08443967562,0.0008004510179,0.0006080482830370339,0.0005187071170182637,7.000221272980512e-05
11.0,0.2280977512,0.08435005104,0.0008189841641,0.000607871226106542,0.00051885735360724,7.162255798155694e-05
11.0,0.2336947247,0.08425705069,0.0008376901178,0.0006076856562292395,0.0005190111576787002,7.325800411975336e-05
11.0,0.2393727073,0.08416057691,0.0008565665199,0.0006074911736205659,0.000519168456907537,7.490834899723215e-05
11.0,0.2451328714,0.08406052998,0.0008756107677,0.0006072873589276021,0.0005193291649188064,7.657336987471912e-05
11.0,0.2509764065,0.08395680808,0.0008948200038,0.0006070737723111053,0.0005194931790284969,7.825282260334705e-05
11.0,0.2569045194,0.08384930729,0.0009141911056,0.0006068499524083976,0.0005196603818823402,7.994644070911228e-05
11.0,0.2629184342,0.08373792161,0.0009337206719,0.00060661541569913,0.0005198306344037174,8.165393437842405e-05
11.0,0.2690193927,0.08362254291,0.0009534050132,0.0006063696549322759,0.0005200037991285824,8.337498948019661e-05
11.0,0.2752086549,0.08350306099,0.0009732401165,0.0006061121386140349,0.0005201796499977649,8.510926721450421e-05
11.0,0.2814874987,0.08337936355,0.0009932217073,0.0006058423096608728,0.0005203580652310523,8.685640259807205e-05
11.0,0.2878572208,0.08325133621,0.001013345203,0.0006055595842860363,0.0005205387818183296,8.86160028260389e-05
11.0,0.2943191364,0.08311886253,0.00103360558,0.0006052633511113459,0.0005207215276521348,9.038764781764576e-05
11.0,0.3008745801,0.08298182403,0.0010539975,0.0006049529696701895,0.0005209061078760257,9.217088846655961e-05
11.0,0.3075249055,0.08284010018,0.001074515305,0.0006046277693466449,0.0005210921645696363,9.39652452627897e-05
11.0,0.3142714859,0.08269356848,0.001095152929,0.0006042870481932753,0.0005212793999198057,9.577020773707994e-05
11.0,0.3211157144,0.08254210443,0.001115903916,0.0006039300718095132,0.0005214674507489225,9.758523346613101e-05
11.0,0.3280590044,0.08238558161,0.001136761402,0.0006035560717701858,0.0005216559313987564,9.94097466685765e-05
11.0,0.3351027897,0.08222387171,0.001157718103,0.0006031642444916037,0.0005218444188246355,0.00010124313761262588
11.0,0.3422485248,0.08205684455,0.001178766299,0.00060275375002534,0.0005220324557754357,0.000103084761209827
11.0,0.3494976853,0.08188436818,0.001199897819,0.0006023237105623312,0.0005222195467203487,0.0001049339362023445
11.0,0.3568517682,0.08170630888,0.001221104026,0.0006018732091785868,0.0005224051566518557,0.00010678994420633332
11.0,0.364312292,0.08152253125,0.001242375804,0.0006014012884868661,0.0005225887088287339,0.00010865202845476613
11.0,0.3718807975,0.08133289829,0.001263703542,0.0006009069492966593,0.0005227695829825532,0.00011051939283303157
11.0,0.3795588474,0.08113727144,0.001285077117,0.0006003891493644946,0.0005229471131182928,0.00011239120117792214
11.0,0.3873480273,0.08093551069,0.001306485881,0.0005998468016809551,0.0005231205852432351,0.00011426657598321111
11.0,0.3952499456,0.08072747467,0.001327918645,0.0005992787736761098,0.0005232892356185768,0.0001161445976648457
11.0,0.4032662342,0.08051302071,0.001349363664,0.0005986838854932048,0.0005234522481635172,0.00011802430352659778
11.0,0.4113985483,0.08029200496,0.001370808621,0.0005980609089890629,0.0005236087525358496,0.00011990468685432725
11.0,0.4196485673,0.08006428253,0.001392240615,0.0005974085662074899,0.0005237578216850389,0.00012178469636298881
11.0,0.4280179948,0.07982970755,0.001413646141,0.0005967255283795027,0.0005238984698508468,0.0001236632349093101
11.0,0.4365085591,0.07958813333,0.00143501108,0.0005960104147037789,0.0005240296501517734,0.00012553915925666862
11.0,0.4451220135,0.07933941248,0.001456320681,0.0005952617912565118,0.0005241502524634539,0.00012741127897841471
11.0,0.4538601367,0.07908339707,0.001477559551,0.0005944781697302164,0.0005242591008194372,0.00012927835615496308
11.0,0.4627247331,0.07881993874,0.001498711636,0.000593658006902691,0.0005243549518586087,0.00013113910439113067
11.0,0.4717176332,0.07854888889,0.001519760211,0.0005927997033108724,0.0005244364919870147,0.00013299218892641134
11.0,0.4808406941,0.07827009882,0.001540687867,0.0005919016028548129,0.0005245023357804487,0.00013483622554394937
11.0,0.4900957997,0.07798341994,0.001561476496,0.0005909619916992983,0.0005245510232864004,0.00013666978085614004
11.0,0.4994848611,0.0776887039,0.001582107281,0.0005899790982633415,0.0005245810186307904,0.00013849137160491543
11.0,0.5090098173,0.07738580283,0.001602560684,0.0005889510922340102,0.0005245907075406433,0.00014029946480488458
11.0,0.518672635,0.07707456951,0.001622816438,0.0005878760848418714,0.0005245783959321326,0.0001420924777698102
11.0,0.5284753098,0.0767548576,0.001642853531,0.0005867521282761989,0.0005245423077250231,0.00014386877791016563
11.0,0.5384198657,0.07642652183,0.001662650204,0.0005855772161296608,0.0005244805835088022,0.0001456266832832055
11.0,0.5485083564,0.07608941825,0.001682183939,0.0005843492835507626,0.0005243912789807438,0.00014736446279676695
11.0,0.5587428652,0.07574340447,0.001701431451,0.0005830662075670163,0.0005242723634310409,0.0001490803368384382
11.0,0.5691255055,0.07538833988,0.001720368687,0.000581725808172959,0.0005241217190068375,0.00015077247763772874
11.0,0.5796584212,0.07502408591,0.001738970815,0.000580325848689444,0.000523937139035487,0.00015243901051075265
11.0,0.5903437875,0.0746505063,0.001757212227,0.000578864037519966,0.0005237163279313792,0.00015407801455366503
11.0,0.6011838108,0.07426746739,0.001775066531,0.0005773380293467063,0.0005234569003283915,0.00015568752374657885
11.0,0.6121807297,0.07387483835,0.001792506553,0.0005757454268818979,0.0005231563806867091,0.00015726552865579846
11.0,0.6233368149,0.07347249149,0.00180950434,0.0005740837829779969,0.0005228122034219944,0.00015880997748168442
11.0,0.6346543703,0.07306030258,0.001826031158,0.0005723506029468865,0.0005224217134288092,0.00016031877824680736
11.0,0.6461357329,0.0726381511,0.0018420575,0.0005705433472723516,0.0005219821672059661,0.00016178980053316427
11.0,0.6577832735,0.0722059206,0.001857553088,0.0005686594347845852,0.0005214907316771929,0.0001632208772537306
11.0,0.6695993975,0.07176349898,0.001872486891,0.0005666962460183283,0.0005209444696450223,0.0001646098079165011
11.0,0.6815865448,0.07131077884,0.001886827149,0.0005646511590763388,0.0005203403870442933,0.0001659546289409069
11.0,0.6937471908,0.07084765776,0.001900541316,0.0005625214308937987,0.0005196754259738396,0.0001672526357055449
11.0,0.7060838467,0.07037403869,0.001913596112,0.0005603043097522943,0.0005189464097738364,0.00016850101868730555
11.0,0.7185990599,0.06988983032,0.001925957571,0.0005579971869725961,0.0005181500597946718,0.00016969869120622404
11.0,0.7312954149,0.06939494735,0.001937591087,0.0005555972976544158,0.000517283032439022,0.00017084324473860132
11.0,0.7441755335,0.06888931085,0.001948461385,0.0005531018218747734,0.0005163419657373268,0.0001719315515979909
11.0,0.7572420753,0.06837284864,0.00195853249,0.0005505080286877056,0.0005153234140363401,0.00017296160933037998
11.0,0.7704977387,0.06784549567,0.001967767838,0.0005478131626715646,0.0005142238375300009,0.0001739310631408694
11.0,0.783945261,0.06730719431,0.001976130283,0.000545014478901457,0.0005130396571668044,0.00017483755489967195
11.0,0.797587419,0.06675789477,0.001983582131,0.000542109250919318,0.000511767243577132,0.0001756787301978655
11.0,0.8114270298,0.06619755546,0.001990085171,0.0005390947785471499,0.0005104029223642236,0.00017645224351147353
11.0,0.8254669514,0.06562614334,0.001995600718,0.0005359683966056389,0.000508942981953846,0.0001771557635972269
11.0,0.839710083,0.06504363428,0.002000089653,0.0005327274837147509,0.0005073836813286521,0.00017778697905108977
11.0,0.8541593657,0.06445001345,0.002003512469,0.0005293694716608585,0.0005057212556675492,0.0001783436044256539
11.0,0.8688177834,0.06384527567,0.002005829327,0.0005258918552832883,0.0005039519280596389,0.00017882338632562459
11.0,0.883688363,0.06322942576,0.002007000098,0.0005222922026097561,0.0005020719203904101,0.0001792241101298987
11.0,0.8987741753,0.06260247892,0.002006984428,0.0005185681653521555,0.0005000774585983066,0.00017954360639120455
11.0,0.9140783356,0.06196446108,0.002005741791,0.0005147174899746199,0.0004979647849599837,0.0001797797578700563
11.0,0.929604004,0.06131540925,0.002003231562,0.0005107380289295708,0.0004957301701369364,0.00017993050656113155
11.0,0.9453543867,0.06065537186,0.001999413076,0.0005066277520158483,0.0004933699248861461,0.00017999386152899673
11.0,0.9613327362,0.0599844091,0.001994245703,0.0005023847586681981,0.0004908804119373323,0.000179967904997616
11.0,0.9775423519,0.05930259327,0.001987688926,0.0004980072895313281,0.00048825806436768044,0.00017985080414832956
11.0,0.9939865811,0.05861000909,0.00197970242,0.0004934937391425646,0.0004854993558191298,0.00017964080781386214
11.0,1.01066882,0.05790675403,0.001970246271,0.0004888426691879214,0.00048260087032393187,0.00017933628646840528
11.0,1.027592512,0.05719293858,0.00195928114,0.0004840528160792363,0.0004795595476257301,0.0001789356819561288
11.0,1.044761154,0.05646868655,0.001946766826,0.0004791231125705277,0.0004763717078138681,0.00017843751986943443
11.0,1.062178289,0.05573413539,0.001932663971,0.0004740526980970425,0.00047303471469542816,0.0001778405732847047
11.0,1.079847516,0.05498943649,0.001916935961,0.00046884092304303333,0.0004695457433162176,0.00017714366217512644
11.0,1.097772482,0.05423475539,0.001899545724,0.0004634873661892669,0.0004659016300890613,0.00017634569529891567
11.0,1.115956889,0.05347027194,0.00188045623,0.0004579918506089301,0.0004621002396417819,0.00017544581084960159
11.0,1.134404493,0.05269618065,0.001859632056,0.0004523544550601663,0.00045813904364017214,0.00017444326852562644
11.0,1.153119101,0.05191269086,0.00183703878,0.0004465755219789495,0.0004540159608517936,0.00017333749493639877
11.0,1.17210458,0.05112002691,0.001812643239,0.00044065567162802156,0.0004497290819463335,0.00017212808647132022
11.0,1.19136485,0.05031842834,0.001786413574,0.0004345958123834546,0.00044527676715403115,0.00017081481719878537
11.0,1.210903887,0.04950815001,0.001758319389,0.0004283971513935313,0.00044065763193252937,0.00016939764666585257
11.0,1.230725728,0.04868946226,0.00172833187,0.0004220612048399965,0.0004358705770391862,0.00016787672667408147
11.0,1.250834464,0.047862651,0.001696423926,0.00041558980676152245,0.00043091480001400254,0.00016625240796395342
11.0,1.271234248,0.04702801777,0.001662570319,0.0004089851181518432,0.00042578981311484763,0.00016452524674413709
11.0,1.291929293,0.04618587987,0.001626747809,0.0004022496342650939,0.00042049545805328346,0.00016269601040777066
11.0,1.312923873,0.0453365703,0.001588935297,0.0003953861915651872,0.0004150319214750686,0.00016076568306074937
11.0,1.334222322,0.04448043786,0.001549113967,0.00038839797361353687,0.00040939974972110244,0.00015873547050510356
11.0,1.35582904,0.04361784703,0.001507267441,0.0003812885158140671,0.00040359986284486135,0.00015660680454590667
11.0,1.377748487,0.04274917803,0.001463381923,0.0003740617092573146,0.0003976335681020243,0.00015438134662676097
11.0,1.39998519,0.04187482664,0.001417446357,0.00036672180268823345,0.0003915025720886065,0.00015206099095258646
11.0,1.422543741,0.04099520415,0.001369452576,0.0003592734041412276,0.00038520899277677583,0.0001496478669703446
11.0,1.445428798,0.0401107372,0.001319395465,0.00035172148053705474,0.00037875536990530267,0.00014714434066738535
11.0,1.468645087,0.03922186762,0.001267273108,0.0003440713560153155,0.0003721446743961049,0.00014455301546868125
11.0,1.492197403,0.03832905219,0.001213086953,0.00033632870904395625,0.0003653803167601528,0.00014187673225766944
11.0,1.516090608,0.03743276243,0.001156841968,0.00032849956745516814,0.00035846615360385,0.00013911856815778076
11.0,1.540329637,0.03653348433,0.001098546796,0.0003205903027457903,0.00035140649371372525,0.00013628183476377636
11.0,1.564919496,0.03563171801,0.001038213915,0.000312607621701602,0.000344206101380835,0.00013337007522457676
11.0,1.589865261,0.0347279774,0.0009758597901,0.00030455855758169525,0.0003368701993596363,0.0001303870601997645
11.0,1.615172084,0.03382278987,0.0009115050343,0.00029645045818478283,0.0003294044687622259,0.00012733678313896817
11.0,1.640845191,0.03291669577,0.0008451745563,0.00028829097381648916,0.0003218150486861643,0.00012422345414484003
11.0,1.666889884,0.03201024805,0.0007768977138,0.00028008804220192534,0.00031410853265675796,0.00012105149292006942
11.0,1.69331154,0.0311040117,0.0007067084614,0.0002718498723875286,0.00030629196380700885,0.00011782552057857567
11.0,1.720115616,0.03019856331,0.0006346454959,0.0002635849270043002,0.0002983728281012322,0.00011455035051583183
11.0,1.747307647,0.02929449046,0.0005607523985,0.0002553019024650859,0.0002903590451192713,0.00011123097800705527
11.0,1.774893249,0.02839239117,0.0004850777733,0.0002470097079194949,0.000282258957034754,0.00010787256871743876
11.0,1.802878116,0.02749287327,0.0004076753817,0.00023871744267395196,0.0002740813156400641,0.00010448044628045134
11.0,1.831268029,0.02659655379,0.0003286042733,0.0002304343718273521,0.00026583526678921677,0.00010106007865242223
11.0,1.86006885,0.02570405828,0.0002479289123,0.00022216990086093487,0.00025753033297163134,9.761706358834754e-05
11.0,1.889286525,0.02481602013,0.0001657193009,0.00021393354925303143,0.0002491763942693069,9.415711364291931e-05
11.0,1.91892709,0.02393307988,8.205109789e-05,0.00020573492227539644,0.00024078366688688139,9.068603885248246e-05
11.0,1.948996664,0.02305588449,-2.994264656e-06,0.0001975843083143762,0.00023236330355416222,8.720972561104133e-05
11.0,1.979501456,0.02218508676,-8.932945913e-05,0.00018949417311362224,0.00022392889565526344,8.373412715536447e-05
11.0,2.010447767,0.02132134454,-0.0001768611572,0.0001814769791630827,0.00021549429955670292,8.026524578670478e-05
11.0,2.041841986,0.02046531984,-0.0002654899453,0.00017354309855456573,0.00020707154901226577,7.680910352457124e-05
11.0,2.073690596,0.01961767805,-0.000355110241,0.00016570233173170888,0.00019867237519787757,7.337172402962342e-05
11.0,2.106000175,0.01877908709,-0.0004456102092,0.00015796437543612508,0.0001903086739921422,6.995911272377137e-05
11.0,2.138777393,0.01795021668,-0.0005368716776,0.00015033878889982277,0.00018199247014777609,6.657723586687525e-05
11.0,2.17202902,0.0171317376,-0.0006287700519,0.00014283495959530393,0.00017373588027973165,6.323199901234357e-05
11.0,2.205761922,0.01632432091,-0.0007211742327,0.0001354620692420622,0.0001655510745724769,5.9929225157922324e-05
11.0,2.239983065,0.01552863729,-0.0008139465286,0.00012822905985777243,0.00015745023722321943,5.6674633223358155e-05
11.0,2.274699515,0.0147453564,-0.000906942566,0.00012114460127703653,0.00014944552678906376,5.347381633093283e-05
11.0,2.309918441,0.01397514627,-0.001000011189,0.00011421705865890989,0.00014154903546446213,5.0332220480824446e-05
11.0,2.345647117,0.01321867281,-0.001092994351,0.00010745446184844061,0.00013377274885711046,4.725512368316224e-05
11.0,2.381892919,0.01247659943,-0.001185726986,0.00010086447598604899,0.0001261285048374877,4.424761541809187e-05
11.0,2.418663334,0.01174958668,-0.001278036851,9.445437357457091e-05,0.00011862795005606216,4.131457850191443e-05
11.0,2.455965953,0.01103829215,-0.001369744316,8.823100937131024e-05,0.00011128251046268853,3.846066865725287e-05
11.0,2.49380848,0.0103433705,-0.001460662229,8.220079708518736e-05,0.00010410335227843096,3.569029648683702e-05
11.0,2.53219873,0.009665473664,-0.001550595606,7.636968817416659e-05,9.710133104302527e-05,3.3007615195463674e-05
11.0,2.571144629,0.009005251326,-0.001639341213,7.074315448641372e-05,9.028697054014173e-05,3.041650353723136e-05
11.0,2.610654221,0.008363351715,-0.001726687237,6.532617393115312e-05,8.367043684666956e-05,2.7920551493297647e-05
11.0,2.650735663,0.007740422718,-0.001812412775,6.0123219401069646e-05,7.726150403305115e-05,2.5523053339948065e-05
11.0,2.691397234,0.007137113396,-0.001896287228,5.513825199964832e-05,7.106953161464276e-05,2.322699292235325e-05
11.0,2.732647329,0.00655407605,-0.001978069621,5.037471749508135e-05,6.510342726439058e-05,2.103504811789965e-05
11.0,2.774494467,0.00599196867,-0.002057507121,4.5835544790624916e-05,5.9371696664005026e-05,1.8949582699577318e-05
11.0,2.816947288,0.005451458134,-0.002134333977,4.152316007025918e-05,5.388235363365753e-05,1.6972634326501295e-05
11.0,2.86001456,0.004933224422,-0.002208271135,3.743949371278205e-05,4.8642946727012025e-05,1.5105925212308834e-05
11.0,2.903705176,0.004437965114,-0.002279023889,3.3585990309811095e-05,4.3660616764535533e-05,1.335087772016496e-05
11.0,2.948028158,0.003966400804,-0.002346279333,2.9963636198278467e-05,3.89420319654107e-05,1.1708613874899388e-05
11.0,2.992992659,0.003519281447,-0.00240970462,2.6572982343319925e-05,3.4493447784919716e-05,1.0179960646811006e-05
11.0,3.038607963,0.003097392922,-0.002468944444,2.3414170420363666e-05,3.032072009991753e-05,8.765471067877524e-06
11.0,3.084883491,0.002701563371,-0.002523618374,2.0486959983446424e-05,2.642931824148468e-05,7.465433843038763e-06
11.0,3.131828798,0.002332667851,-0.002573318587,1.7790749691515025e-05,2.282433418551668e-05,6.2798833126128455e-06
11.0,3.179453579,0.001991628648,-0.002617608683,1.532458419029659e-05,1.951045828809126e-05,5.208598300721989e-06
11.0,3.227767668,0.001679406438,-0.002656025056,1.3087131001265444e-05,1.6491894517601686e-05,4.251080301149159e-06
11.0,3.276781041,0.001396973933,-0.002688083396,1.1076602536601802e-05,1.3772159972122727e-05,3.4064901594216804e-06
11.0,3.326503821,0.001145258633,-0.002713294557,9.290585268712001e-06,1.1353686072213783e-05,2.6735117924145166e-06
11.0,3.376946275,0.0009250354261,-0.00273119617,7.725726206119329e-06,9.237089053207135e-06,2.050088283264602e-06
11.0,3.428118819,0.0007367474676,-0.002741407241,6.377220679195121e-06,7.419981722283423e-06,1.5329775524681905e-06
11.0,3.48003202,0.0005802439391,-0.002743711476,5.238072130057322e-06,5.895154353826805e-06,1.1170632394673663e-06
11.0,3.532696599,0.000454463778,-0.002738160402,4.298154447513499e-06,4.648505273530123e-06,7.946055671758416e-07
11.0,3.58612343,0.000357160833,-0.002725162751,3.543243030946834e-06,3.657302524460233e-06,5.547154454015853e-07
11.0,3.640323547,0.0002848429547,-0.002705541554,2.954399510602634e-06,2.889365864190544e-06,3.83545140345165e-07
11.0,3.695308141,0.0002330524147,-0.00268048101,2.5081927331670063e-06,2.30584918205272e-06,2.6604574169572236e-07
11.0,3.751088567,0.0001969561812,-0.002651322538,2.178252735599026e-06,1.8657629987516103e-06,1.8811714019674028e-07
11.0,3.807676344,0.000172029761,-0.002619358909,1.937978948728861e-06,1.530762327609425e-06,1.3800814388736518e-07
11.0,3.865083157,0.0001545501059,-0.002585691182,1.7633647774618034e-06,1.2693194112662187e-06,1.0695035821217059e-07
11.0,3.92332086,0.0001417698226,-0.002551150631,1.6348605480388983e-06,1.0578706212289362e-06,8.882365428061535e-08
11.0,3.98240148,0.0001318287093,-0.002516309909,1.5378280890674065e-06,8.801789523023298e-07,7.946137658844849e-08
11.0,4.042337217,0.0001235430213,-0.002481538137,1.4619504054985044e-06,7.256967803258644e-07,7.605050208043356e-08
11.0,4.103140447,0.0001161893555,-0.002447062492,1.4002204661579126e-06,5.8781388073845e-07,7.668737190375404e-08
11.0,4.164823726,0.0001093356236,-0.002413018337,1.3479557317515208e-06,4.624480555654228e-07,8.008020665659786e-08
11.0,4.227399792,0.0001027264201,-0.002379484318,1.30203141635879e-06,3.470695786946348e-07,8.534804549784221e-08
11.0,4.290881567,9.621131681e-05,-0.002346504864,1.2603461337852705e-06,2.4008223128660785e-07,9.188312112682187e-08
11.0,4.35528216,8.970194774e-05,-0.002314103946,1.2214705771937539e-06,1.4045205281782778e-07,9.925693942384376e-08
11.0,4.420614869,8.314687128e-05,-0.00228229326,1.184422195800336e-06,4.749160766091198e-08,1.0715696013438494e-07
11.0,4.486893186,7.651696309e-05,-0.002251077035,1.1485220446415989e-06,-3.9262549798680684e-08,1.1534409758449353e-07
11.0,4.554130797,6.979694066e-05,-0.002220454844,1.1133039880316818e-06,-1.2011859459167012e-07,1.2362389848564522e-07
11.0,4.622341587,6.298044651e-05,-0.002190423226,1.0784571064770714e-06,-1.9526747009441538e-07,1.3182672478117024e-07
11.0,4.691539642,5.606720641e-05,-0.002160976619,1.043789270267443e-06,-2.6480395241799205e-07,1.3979394438817248e-07
11.0,4.76173925,4.906140865e-05,-0.002132107863,1.0092042739701752e-06,-3.287388196533881e-07,1.4736840793894044e-07
11.0,4.832954907,4.197080339e-05,-0.002103808462,9.746875089250637e-07,-3.870071279229794e-07,1.543882786079563e-07
11.0,4.905201321,3.480622605e-05,-0.00207606868,9.402968120655614e-07,-4.394761256239521e-07,1.6068370492840618e-07
11.0,4.97849341,2.758136694e-05,-0.002048877552,9.061558567490182e-07,-4.859552836982539e-07,1.6607627142377309e-07
11.0,5.052846308,2.031267157e-05,-0.00202222284,8.724480008537966e-07,-5.262106066669231e-07,1.7038131661011262e-07
11.0,5.128275369,1.301929809e-05,-0.001996090969,8.394087537668269e-07,-5.599850346916291e-07,1.7341340643447749e-07
11.0,5.20479617,5.723070756e-06,-0.001970466962,8.073150916700235e-07,-5.870259504302861e-07,1.749951688459855e-07
11.0,5.282424513,-1.551615863e-06,-0.001945334401,7.764703629576643e-07,-6.071200098895421e-07,1.7496923151392226e-07
11.0,5.361176426,-8.777978409e-06,-0.001920675414,7.471838385109424e-07,-6.201341550790037e-07,1.73212850051388e-07
11.0,5.441068173,-1.592715267e-05,-0.001896470738,7.197452112408213e-07,-6.260603678964109e-07,1.696538137529589e-07
11.0,5.522116252,-2.296865149e-05,-0.001872699853,6.943958630407272e-07,-6.250570714399868e-07,1.6428536231293072e-07
11.0,5.604337398,-2.987099182e-05,-0.001849341225,6.712998211892604e-07,-6.17482586986531e-07,1.5717748636086173e-07
11.0,5.68774859,-3.660249258e-05,-0.001826372614,6.505194367752197e-07,-6.039063232603544e-07,1.4848146637149382e-07
11.0,5.772367054,-4.313221952e-05,-0.001803771552,6.320016830457095e-07,-5.851093520941597e-07,1.384251026821634e-07
11.0,5.858210261,-4.943100262e-05,-0.001781515689,6.155741455244957e-07,-5.620118370806845e-07,1.2730204979022994e-07
11.0,5.94529594,-5.54724095e-05,-0.001759583818,6.00970437504397e-07,-5.356872764918355e-07,1.1543932240818382e-07
11.0,6.033642073,-6.123356953e-05,-0.001737955013,5.87864253459859e-07,-5.070935018689733e-07,1.0316788066642183e-07
11.0,6.123266903,-6.669564904e-05,-0.001716611962,5.759063535935642e-07,-4.775061422565391e-07,9.079863949389056e-08
11.0,6.214188939,-7.184382764e-05,-0.00169553305,5.647747005221456e-07,-4.469870079815402e-07,7.860066593089385e-08
11.0,6.306426956,-7.666697814e-05,-0.001674720093,5.542036640071416e-07,-4.170701930610758e-07,6.702476213863115e-08
11.0,6.4,-8.115554853e-05,-0.001654154146,5.440357802199863e-07,-3.881396512457182e-07,5.601857298426928e-08
13.0,1.592040789e-15,0.07358515855,7.30069955e-06,0.00044397962197311635,0.0003743378167497643,5.289138309685207e-07
13.0,0.005204005103,0.07358452857,1.442843679e-05,0.00044397878722153214,0.0003739876869192451,1.0557452060291544e-06
13.0,0.01033966345,0.07358267428,2.816397023e-05,0.00044397633933146365,0.0003741609205185611,2.093449245767551e-06
13.0,0.01540787221,0.07357963995,4.165084407e-05,0.00044397232353839827,0.0003743683102429652,3.1156081460943446e-06
13.0,0.02040951739,0.07357547475,5.518016913e-05,0.00044396682032233714,0.0003741439226024255,4.12434161372177e-06
13.0,0.0253454732,0.07357022441,6.851239482e-05,0.00044395987973935017,0.0003742060125418263,5.119519549912397e-06
13.0,0.03021660239,0.0735639333,8.16749947e-05,0.00044395155728732907,0.00037421067720504105,6.101294101061625e-06
13.0,0.03502375636,0.07355664452,9.465298073e-05,0.00044394190521433133,0.0003742313099280029,7.069762532728888e-06
13.0,0.03976777532,0.07354839985,0.0001074561646,0.0004439309740315439,0.00037424355326377183,8.025057155449834e-06
13.0,0.04444948847,0.07353923988,0.00012008412,0.0004439188122171519,0.0003742608368344595,8.967299446542404e-06
13.0,0.04906971409,0.07352920394,0.0001325391645,0.0004439054663655362,0.00037427891527025365,9.896616734909927e-06
13.0,0.05362925975,0.07351833019,0.0001448227163,0.0004438909814369411,0.00037429885910460957,1.0813137108679937e-05
13.0,0.05812892238,0.07350665563,0.0001569366317,0.00044387540075749597,0.00037432007226739615,1.1716990872433969e-05
13.0,0.06256948846,0.07349421612,0.0001688826495,0.00044385876593743256,0.0003743426848890495,1.2608309632791647e-05
13.0,0.06695173415,0.07348104642,0.0001806625657,0.00044384111724483704,0.00037436656577983075,1.3487226322790065e-05
13.0,0.07127642538,0.07346718021,0.0001922781747,0.00044382249362228814,0.0003743916735840862,1.4353874945917573e-05
13.0,0.07554431806,0.07345265012,0.0002037312854,0.0004438029324732691,0.0003744179186206183,1.5208390424606997e-05
13.0,0.07975615815,0.07343748775,0.0002150237241,0.00044378247009561384,0.00037444527271565236,1.6050908458816966e-05
13.0,0.08391268182,0.07342172371,0.0002261573009,0.00044376114151054914,0.0003744735810061926,1.6881565327699204e-05
13.0,0.08801461558,0.07340538763,0.0002371338853,0.00044373898060559645,0.00037450310833702413,1.7700497847069115e-05
13.0,0.09206267639,0.07338850818,0.0002479551425,0.0004437160202858581,0.0003745329644887774,1.8507838735249674e-05
13.0,0.09605757177,0.07337111313,0.0002586232051,0.00044369229234783223,0.0003745643971703835,1.930730052863616e-05
13.0,0.1,0.07335322929,0.000269140078,0.0004436678274047521,0.00037459622180673464,2.0092989485424552e-05
13.0,0.1037429218,0.07333559197,0.0002791135156,0.0004436436300074533,0.00037462724311694844,2.082839771461499e-05
13.0,0.1075400176,0.07331704481,0.0002892198605,0.00044361810992281055,0.00037466053711696817,2.1575936033355036e-05
13.0,0.1113920715,0.07329755637,0.000299460586,0.00044359121250139464,0.00037469481522019833,2.2339929339616548e-05
13.0,0.115299879,0.0732770943,0.0003098367374,0.0004435628805957511,0.00037473094111076564,2.311401292220998e-05
13.0,0.119264247,0.07325562535,0.000320349488,0.0004435330547902339,0.0003747686719998097,2.389827799009771e-05
13.0,0.1232859942,0.07323311527,0.0003309999348,0.0004435016728648954,0.00037480813231660935,2.4692806912803427e-05
13.0,0.1273659511,0.07320952885,0.0003417891682,0.00044346866986546814,0.0003748493339159561,2.5497679979808053e-05
13.0,0.1315049601,0.07318482987,0.0003527182396,0.0004434339779611234,0.00037489233416275957,2.6312975141836574e-05
13.0,0.135703876,0.07315898106,0.0003637881697,0.0004433975263056283,0.00037493717291093307,2.713876784440789e-05
13.0,0.1399635659,0.07313194412,0.000374999942,0.0004433592407804,0.0003749838954312567,2.797513084472013e-05
13.0,0.1442849094,0.07310367964,0.0003863545018,0.0004433190439951154,0.000375032544816794,2.8822134024122993e-05
13.0,0.1486687988,0.07307414714,0.0003978527525,0.000443276855005238,0.00037508316461925607,2.9679844149795344e-05
13.0,0.1531161394,0.07304330499,0.0004094955528,0.00044323258910774875,0.00037513579764889997,3.054832464643822e-05
13.0,0.1576278496,0.07301111042,0.0004212837135,0.00044318615773882627,0.0003751904863054165,3.14276353473457e-05
13.0,0.1622048611,0.07297751949,0.000433217994,0.00044313746827435166,0.00037524727229767225,3.2317832273039375e-05
13.0,0.166848119,0.07294248704,0.000445299099,0.00044308642380136155,0.00037530619637643313,3.3218967408943995e-05
13.0,0.1715585821,0.07290596671,0.0004575276749,0.00044303292289124617,0.00037536729826992285,3.413108839607202e-05
13.0,0.1763372232,0.07286791088,0.000469904306,0.000442976859412387,0.0003754306165914962,3.505423824851589e-05
13.0,0.181185029,0.07282827066,0.0004824295102,0.0004429181220459274,0.00037549618837336867,3.598845507132493e-05
13.0,0.1861030006,0.07278699587,0.0004951037356,0.000442856594612121,0.0003755640493580712,3.6933771800730104e-05
13.0,0.1910921536,0.07274403499,0.0005079273555,0.00044279215514284796,0.00037563423317991566,3.7890215839581964e-05
13.0,0.1961535182,0.07269933519,0.0005209006645,0.0004427246760613211,0.0003757067714726959,3.885780881891717e-05
13.0,0.2012881397,0.07265284223,0.0005340238735,0.00044265402367938447,0.0003757816936246161,3.983656614243934e-05
13.0,0.2064970782,0.07260450051,0.000547297105,0.00044258005796460743,0.0003758590264448069,4.0826496720220685e-05
13.0,0.2117814095,0.072554253,0.0005607203883,0.00044250263220607666,0.00037593879386201175,4.182760257978442e-05
13.0,0.2171422247,0.07250204124,0.0005742936539,0.0004424215927055537,0.0003760210166104865,4.283987853145972e-05
13.0,0.222580631,0.07244780532,0.0005880167286,0.00044233677836321827,0.00037610571185154646,4.386331174423739e-05
13.0,0.2280977512,0.07239148381,0.0006018893294,0.00044224802046659143,0.0003761928930482931,4.489788137364983e-05
13.0,0.2336947247,0.07233301383,0.0006159110581,0.00044215514214143107,0.00037628256942481673,4.594355803686934e-05
13.0,0.2393727073,0.07227233094,0.000630081395,0.00044205795793731675,0.00037637474553023614,4.700030355351399e-05
13.0,0.2451328714,0.07220936916,0.0006443996928,0.0004419562736864153,0.00037646942092903625,4.806807048267807e-05
13.0,0.2509764065,0.07214406095,0.0006588651704,0.0004418498857027975,0.00037656658995443746,4.91468014683238e-05
13.0,0.2569045194,0.07207633722,0.0006734769054,0.0004417385806965784,0.00037666623989583616,5.0236429074408245e-05
13.0,0.2629184342,0.07200612723,0.000688233829,0.00044162213486701666,0.0003767683546128095,5.133687502479039e-05
13.0,0.2690193927,0.07193335866,0.0007031347151,0.0004415003139591006,0.0003768729022401759,5.244804977781398e-05
13.0,0.2752086549,0.07185795756,0.000718178181,0.00044137287218367233,0.0003769798747870044,5.3569852235096765e-05
13.0,0.2814874987,0.07177984832,0.0007333626471,0.00044123955219485376,0.00037708917573443405,5.470216883192021e-05
13.0,0.2878572208,0.0716989537,0.0007486863968,0.0004411000841079849,0.00037720082514928793,5.5844873415568226e-05
13.0,0.2943191364,0.07161519478,0.0007641475598,0.0004409541853454982,0.00037731473346337517,5.6997826311692346e-05
13.0,0.3008745801,0.07152849096,0.0007797439759,0.0004408015595677012,0.000377430794544419,5.816087388850267e-05
13.0,0.3075249055,0.07143875998,0.0007954733109,0.0004406418966211357,0.00037754900307682745,5.933384815790541e-05
13.0,0.3142714859,0.07134591787,0.0008113330621,0.00044047487143890194,0.0003776692112016774,6.051656593680901e-05
13.0,0.3211157144,0.07124987899,0.0008273204788,0.00044030014347080004,0.00037779134075105274,6.17088283540343e-05
13.0,0.3280590044,0.071150556,0.0008434325869,0.0004401173563031845,0.0003779152692749984,6.291042019042276e-05
13.0,0.3351027897,0.07104785987,0.0008596661705,0.00043992613658512915,0.00037804086941983995,6.412110921174648e-05
13.0,0.3422485248,0.07094169987,0.0008760177663,0.0004397260935718031,0.00037816799594859736,6.534064574455059e-05
13.0,0.3494976853,0.07083198363,0.000892483652,0.000439516818180882,0.00037829648934416374,6.656876163583619e-05
13.0,0.3568517682,0.07071861707,0.0009090598368,0.00043929788233774535,0.00037842617304870683,6.780517001202062e-05
13.0,0.364312292,0.07060150445,0.0009257420509,0.0004390688384639607,0.0003785568534572744,6.904956432244179e-05
13.0,0.3718807975,0.07048054843,0.0009425257344,0.0004388292179590296,0.0003786883178973611,7.030161768150053e-05
13.0,0.3795588474,0.07035564998,0.0009594060274,0.000438578531220107,0.00037882033436528875,7.156098232811333e-05
13.0,0.3873480273,0.07022670853,0.000976377758,0.00043831626618213136,0.00037895264982464467,7.282728880407977e-05
13.0,0.3952499456,0.07009362187,0.0009934354322,0.0004380418879094142,0.00037908498961096855,7.410014542415573e-05
13.0,0.4032662342,0.06995628629,0.001010573222,0.0004377548373527013,0.00037921705588472377,7.537913736714179e-05
13.0,0.4113985483,0.06981459652,0.001027784952,0.00043745453074138155,0.0003793485265892321,7.666382601277492e-05
13.0,0.4196485673,0.06966844584,0.001045064093,0.0004371403586890757,0.00037947905412984086,7.795374843437993e-05
13.0,0.4280179948,0.06951772608,0.001062403745,0.0004368116850688174,0.0003796082638898129,7.924841649834716e-05
13.0,0.4365085591,0.06936232766,0.001079796626,0.0004364678464229893,0.0003797357533235432,8.054731629335185e-05
13.0,0.4451220135,0.06920213968,0.001097235062,0.0004361081507848585,0.00037986109034828896,8.184990744447901e-05
13.0,0.4538601367,0.06903704995,0.001114710975,0.00043573187700292527,0.00037998381210298173,8.315562226932576e-05
13.0,0.4627247331,0.06886694502,0.001132215869,0.00043533827364027945,0.0003801034232141047,8.446386533086886e-05
13.0,0.4717176332,0.0686917103,0.001149740817,0.0004349265583004343,0.0003802193947665073,8.577401279904963e-05
13.0,0.4808406941,0.06851123012,0.001167276455,0.00043449591650698637,0.00038033116250397856,8.708541158104692e-05
13.0,0.4900957997,0.06832538777,0.00118481296,0.0004340455010654448,0.0003804381257917226,8.839737898389527e-05
13.0,0.4994848611,0.0681340656,0.001202340047,0.0004335744309496794,0.00038053964570946983,8.970920189364853e-05
13.0,0.5090098173,0.06793714513,0.001219846951,0.0004330817908008016,0.0003806350437115651,9.10201363550974e-05
13.0,0.518672635,0.06773450712,0.001237322418,0.0004325666298638012,0.0003807236000408262,9.232940711740332e-05
13.0,0.5284753098,0.06752603167,0.001254754694,0.00043202796135341124,0.00038080455233870585,9.363620697025075e-05
13.0,0.5384198657,0.06731159835,0.001272131508,0.0004314647616669124,0.00038087709416156646,9.493969629659851e-05
13.0,0.5485083564,0.06709108626,0.001289440068,0.00043087596980717906,0.0003809403734490936,9.623900283775561e-05
13.0,0.5587428652,0.06686437421,0.001306667046,0.00043026048664276576,0.0003809934908237604,9.753322106901142e-05
13.0,0.5691255055,0.06663134081,0.001323798565,0.0004296171744997246,0.0003810354984114137,9.882141209670438e-05
13.0,0.5796584212,0.06639186461,0.001340820195,0.00042894485652630627,0.0003810653982812329,0.00010010260334607611
13.0,0.5903437875,0.06614582425,0.001357716936,0.00042824231645612336,0.00038108214127572927,0.00010137578825307643
13.0,0.6011838108,0.06589309858,0.001374473213,0.0004275082979755764,0.0003810846252994492,0.0001026399262155568
13.0,0.6121807297,0.06563356685,0.001391072865,0.0004267415048597806,0.0003810716942787098,0.00010389394248643399
13.0,0.6233368149,0.06536710883,0.001407499137,0.0004259406007052086,0.00038104213680221203,0.00010513672830760854
13.0,0.6346543703,0.06509360502,0.001423734673,0.00042510420881139297,0.0003809946850771432,0.00010636714076131675
13.0,0.6461357329,0.06481293677,0.001439761508,0.00042423091226566166,0.0003809280137814249,0.0001075840031611848
13.0,0.6577832735,0.06452498653,0.00145556106,0.000423319254523643,0.00038084073936310125,0.00010878610512988791
13.0,0.6695993975,0.06422963799,0.001471114127,0.0004223677394090483,0.0003807314186844535,0.00010997220314573126
13.0,0.6815865448,0.06392677627,0.00148640088,0.0004213748317069796,0.00038059854839753745,0.00011114102094175628
13.0,0.6937471908,0.06361628817,0.001501400862,0.00042033895813427523,0.00038044056470603926,0.00011229125002478997
13.0,0.7060838467,0.06329806235,0.001516092982,0.00041925850786806866,0.00038025584260531855,0.00011342155026847972
13.0,0.7185990599,0.06297198952,0.001530455515,0.00041813183382896396,0.0003800426956201456,0.00011453055099741115
13.0,0.7312954149,0.06263796273,0.001544466101,0.00041695725369261414,0.00037979937533525664,0.00011561685167662346
13.0,0.7441755335,0.06229587753,0.001558101746,0.000415733051720276,0.0003795240718466567,0.00011667902317977178
13.0,0.7572420753,0.06194563227,0.001571338824,0.0004144574799785378,0.000379214913974074,0.00011771560859207902
13.0,0.7704977387,0.06158712828,0.001584153079,0.00041312876067535747,0.000378869970761603,0.00011872512511428415
13.0,0.783945261,0.06122027017,0.001596519629,0.000411745087904133,0.00037848724739278974,0.00011970606500553125
13.0,0.797587419,0.06084496606,0.001608412985,0.00041030463025548523,0.0003780646802501543,0.00012065689933634119
13.0,0.8114270298,0.06046112785,0.001619807056,0.0004088055623828567,0.00037760017760182785,0.00012157644703429373
13.0,0.8254669514,0.06006867146,0.001630675097,0.0004072459188145884,0.0003770915973974663,0.00012246208461179223
13.0,0.839710083,0.05966751715,0.001640989777,0.00040562385944991605,0.0003765366835341797,0.0001233127728787564
13.0,0.8541593657,0.05925758978,0.001650723263,0.00040393756362035676,0.00037593313415741235,0.00012412779212653562
13.0,0.8688177834,0.05883881905,0.001659847156,0.0004021850229861509,0.00037527864507100046,0.0001249045127861159
13.0,0.883688363,0.0584111398,0.001668332471,0.000400364327294395,0.000374570860885723,0.00012564151097295973
13.0,0.8987741753,0.05797449235,0.001676149692,0.00039847356571455646,0.00037380735588245283,0.00012633721264353428
13.0,0.9140783356,0.0575288227,0.00168326882,0.00039651081999132786,0.00037298566075642244,0.00012698998151094694
13.0,0.929604004,0.05707408289,0.001689659377,0.0003944741800308908,0.000372103276605783,0.00012759818004891982
13.0,0.9453543867,0.05661023128,0.001695290432,0.00039236174921681243,0.0003711576703628485,0.00012816017336643326
13.0,0.9613327362,0.05613723283,0.001700130632,0.0003901716498369291,0.0003701462767224273,0.00012867433263972082
13.0,0.9775423519,0.05565505941,0.001704148237,0.00038790202883730405,0.0003690664998625533,0.0001291390392992378
13.0,0.9939865811,0.05516369009,0.001707311157,0.00038555106395922055,0.0003679157380133587,0.00012955268773290687
13.0,1.01066882,0.05466311147,0.001709586953,0.0003831169705404923,0.0003666913744200468,0.00012991369018077302
13.0,1.027592512,0.05415331793,0.001710942918,0.00038059800781846815,0.0003653907633630213,0.00013022048131273683
13.0,1.044761154,0.05363431195,0.001711346124,0.00037799248566572976,0.0003640112706533578,0.00013047152174860185
13.0,1.062178289,0.05310610441,0.001710763433,0.00037529877223161636,0.0003625502725667825,0.00013066530370420637
13.0,1.079847516,0.05256871488,0.001709161563,0.00037251530142305077,0.0003610051492091302,0.00013080035491612636
13.0,1.097772482,0.05202217189,0.001706507136,0.00036964058029979673,0.0003593733011660074,0.0001308752437265648
13.0,1.115956889,0.05146651326,0.00170276674,0.0003666731974175079,0.00035765215851863693,0.00013088858396907642
13.0,1.134404493,0.05090178633,0.00169790697,0.0003636118306398481,0.00035583918359658725,0.00013083904036357007
13.0,1.153119101,0.05032804825,0.001691894511,0.00036045525504593476,0.0003539318970758849,0.00013072533487712383
13.0,1.17210458,0.04974536628,0.001684696176,0.000357202352907393,0.00035192781291339803,0.00013054624624332154
13.0,1.19136485,0.04915381805,0.001676279175,0.0003538521195370223,0.0003498246202908546,0.00013030064112510604
13.0,1.210903887,0.04855349175,0.001666610973,0.00035040367324420306,0.00034762007451254667,0.00012998740632423882
13.0,1.230725728,0.04794448641,0.001655658365,0.000346856267674758,0.0003453116808329628,0.00012960553641493873
13.0,1.250834464,0.0473269122,0.001643389221,0.0003432092975305978,0.0003428976247177612,0.00012915417548310293
13.0,1.271234248,0.0467008906,0.001629773243,0.0003394623032021859,0.00034037581768057746,0.00012863246137331775
13.0,1.291929293,0.04606655467,0.001614779618,0.000335614981784752,0.00033774415432137725,0.00012803964452099675
13.0,1.312923873,0.04542404913,0.001598377808,0.00033166720065804927,0.00033500108472365694,0.00012737511146511786
13.0,1.334222322,0.0447735307,0.001580538504,0.00032761900192913656,0.00033214484225983727,0.00012663833116792735
13.0,1.35582904,0.0441151682,0.001561233186,0.0003234706100144078,0.0003291739624422204,0.00012582889114126576
13.0,1.377748487,0.04344914273,0.001540434329,0.00031922244098732215,0.00032608709726246216,0.00012494649348509713
13.0,1.39998519,0.04277564784,0.001518115452,0.00031487510978006356,0.00032288308356338,0.0001239909633723847
13.0,1.422543741,0.04209488964,0.001494251243,0.0003104294377163023,0.00031956093397736125,0.00012296225338085813
13.0,1.445428798,0.04140708695,0.001468817656,0.0003058864594759358,0.0003161198571585871,0.00012186044859172723
13.0,1.468645087,0.04071247137,0.001441792024,0.000301247429665463,0.00031255926626188425,0.0001206857711170885
13.0,1.492197403,0.04001128737,0.001413153169,0.0002965138287885754,0.0003088787909657425,0.00011943858476072593
13.0,1.516090608,0.03930379236,0.001382881515,0.0002916873689545148,0.0003050782880314142,0.0001181193990722509
13.0,1.540329637,0.03859025673,0.001350959206,0.00028676999872728195,0.00030115785195258734,0.00011672887334456363
13.0,1.564919496,0.03787096388,0.001317370226,0.00028176390730614117,0.0002971178251868602,0.00011526782020690799
13.0,1.589865261,0.03714621019,0.001282100518,0.00027667152820375285,0.0002929588083054079,0.00011373720859500576
13.0,1.615172084,0.03641630504,0.001245138108,0.00027149554188225105,0.00028868166930664835,0.0001121381667180233
13.0,1.640845191,0.03568157071,0.001206473231,0.0002662388780864055,0.00028428755264532586,0.00011047198404699331
13.0,1.666889884,0.03494234235,0.001166098454,0.0002609047166654707,0.0002797778871841059,0.00010874011351037938
13.0,1.69331154,0.03419896787,0.00112400881,0.0002554964877780936,0.00027515439384859686,0.00010694417261018852
13.0,1.720115616,0.03345180781,0.001080201919,0.00025001787143225665,0.00027041909288009304,0.00010508594406868765
13.0,1.747307647,0.03270123518,0.001034678125,0.0002444727954777585,0.0002655743096557301,0.00010316737626937008
13.0,1.774893249,0.03194763533,0.0009874406183,0.00023886543294511606,0.0002606226797797619,0.00010119058254118436
13.0,1.802878116,0.03119140567,0.0009384955722,0.00023320019834854118,0.00025556715342984956,9.91578404773192e-05
13.0,1.831268029,0.03043295551,0.0008878522692,0.0002274817424063414,0.0002504109982334062,9.707158971622036e-05
13.0,1.86006885,0.02967270576,0.0008355232317,0.00022171494624856797,0.00024515780181986026,9.493443004549277e-05
13.0,1.889286525,0.02891108863,0.0007815243503,0.00021590491406408657,0.00023981147262108513,9.274911802585565e-05
13.0,1.91892709,0.02814854735,0.0007258750106,0.0002100569647753365,0.0002343762395661167,9.05185630810458e-05
13.0,1.948996664,0.02738553577,0.0006685982195,0.0002041766223506661,0.00022885665043558494,8.824582318904958e-05
13.0,1.979501456,0.02662251805,0.0006097207295,0.00019826960517562442,0.00022325756908359354,8.593409936524445e-05
13.0,2.010447767,0.02585996818,0.0005492731607,0.00019234181407187773,0.00021758417142800582,8.35867297169776e-05
13.0,2.041841986,0.02509836962,0.0004872901196,0.00018639931927489408,0.00021184193974866123,8.12071825494018e-05
13.0,2.073690596,0.02433821479,0.0004238103157,0.00018044834612274778,0.00020603665547774824,7.879904879661107e-05
13.0,2.106000175,0.02358000462,0.0003588766759,0.00017449525970976708,0.000200174390691807,7.636603374887905e-05
13.0,2.138777393,0.02282424802,0.0002925364547,0.00016854654845844443,0.00019426149809557224,7.391194801809125e-05
13.0,2.17202902,0.02207146137,0.000224841342,0.00016260880661292986,0.00018830459948979093,7.144069773701519e-05
13.0,2.205761922,0.02132216799,0.0001558475671,0.00015668871569075082,0.00018231057261238257,6.895627398191521e-05
13.0,2.239983065,0.02057689754,8.561599965e-05,0.0001507930250654147,0.00017628653664702104,6.64627421195264e-05
13.0,2.274699515,0.0198361855,1.421224984e-05,0.0001449288258629966,0.00017024012749831065,6.396422652048595e-05
13.0,2.309918441,0.0191005726,-5.829322674e-05,0.00013910454359997255,0.00016418049538459046,6.146490228663895e-05
13.0,2.345647117,0.01837060427,-0.0001318250352,0.00013332909206225136,0.00015811746714055596,5.896898683690799e-05
13.0,2.381892919,0.01764682994,-0.0002063027675,0.00012761016022102905,0.00015205983316083705,5.648071977930537e-05
13.0,2.418663334,0.01692980235,-0.0002816409309,0.00012195471057449993,0.00014601584484104333,5.400434792714256e-05
13.0,2.455965953,0.01622007691,-0.0003577488749,0.00011636962699877648,0.00013999386310684558,5.1544112844771985e-05
13.0,2.49380848,0.01551821105,-0.0004345307168,0.00011086171000958442,0.00013400235291123182,4.910423609387716e-05
13.0,2.53219873,0.01482476361,-0.0005118852692,0.0001054376528766437,0.00012804985796041154,4.668890445517274e-05
13.0,2.571144629,0.01414029424,-0.0005897059678,0.00010010401743108547,0.000122144974095777,4.4302254781451325e-05
13.0,2.610654221,0.0134653628,-0.0006678807984,9.486721035325436e-05,0.00011629632208787299,4.194835893838883e-05
13.0,2.650735663,0.01280052885,-0.0007462922204,8.97334597693299e-05,0.00011051251980817352,3.963120863197413e-05
13.0,2.691397234,0.01214635111,-0.0008248170847,8.470879275043095e-05,0.00010480215450983486,3.735470047494925e-05
13.0,2.732647329,0.01150338704,-0.0009033265451,7.979901296061554e-05,9.917375422044831e-05,3.512262123283153e-05
13.0,2.774494467,0.01087219248,-0.0009816859561,7.500967961694279e-05,9.363575920818617e-05,3.2938633176544096e-05
13.0,2.816947288,0.01025332134,-0.001059754747,7.034608739659279e-05,8.819649068118409e-05,3.0806261177200875e-05
13.0,2.86001456,0.009647325423,-0.001137386253,6.581324817485935e-05,8.286413176813159e-05,2.8728877946291266e-05
13.0,2.903705176,0.009054754415,-0.001214427634,6.141587348787144e-05,7.76466981518737e-05,2.6709691212161013e-05
13.0,2.948028158,0.008476155964,-0.001290719611,5.715835899224346e-05,7.255200003037516e-05,2.4751734676502584e-05
13.0,2.992992659,0.007912075982,-0.001366096142,5.304477117437937e-05,6.758763080252213e-05,2.2857854833296385e-05
13.0,3.038607963,0.007363059177,-0.001440384209,4.9078835838066444e-05,6.27609450607222e-05,2.1030700948437152e-05
13.0,3.084883491,0.006829649835,-0.001513403392,4.526392895297299e-05,5.807903396290972e-05,1.9272719429705775e-05
13.0,3.131828798,0.006312392911,-0.001584965449,4.160307084698395e-05,5.354870564393206e-05,1.7586141795282066e-05
13.0,3.179453579,0.00581183554,-0.001654873757,3.8098921371900034e-05,4.9176463225531844e-05,1.597298864377302e-05
13.0,3.227767668,0.005328528828,-0.001722922128,3.475377791566736e-05,4.496853483252479e-05,1.443506060370544e-05
13.0,3.276781041,0.004863030292,-0.001788894224,3.156958344029632e-05,4.093079873626154e-05,1.2973929271541635e-05
13.0,3.326503821,0.004415907003,-0.001852563158,2.85479280186691e-05,3.706882249254038e-05,1.1590946988774746e-05
13.0,3.376946275,0.003987738991,-0.001913689472,2.5690056291921594e-05,3.338788134481216e-05,1.0287251866881682e-05
13.0,3.428118819,0.003579123506,-0.001972019406,2.2996884390993694e-05,2.9892913207220006e-05,9.063767718305528e-06
13.0,3.48003202,0.003190680036,-0.002027283519,2.0469013993735397e-05,2.6588570954203685e-05,7.921208372216404e-06
13.0,3.532696599,0.002823055712,-0.002079194541,1.810675098096063e-05,2.347921884895819e-05,6.860090569748693e-06
13.0,3.58612343,0.002476930948,-0.002127445151,1.591012507692654e-05,2.0568951366868504e-05,5.88074139854793e-06
13.0,3.640323547,0.002153024446,-0.002171705799,1.3878908298634024e-05,1.7861604308108824e-05,4.983307021135146e-06
13.0,3.695308141,0.001852096097,-0.002211623005,1.2012627293645042e-05,1.536075380644975e-05,4.167756634904678e-06
13.0,3.751088567,0.001574944857,-0.002246818977,1.0310561757589281e-05,1.3069686112047097e-05,3.4338767507683233e-06
13.0,3.807676344,0.001322396516,-0.002276894116,8.77171520993996e-06,1.0991310598802702e-05,2.7812450619687444e-06
13.0,3.865083157,0.001095272677,-0.002301435121,7.394736696593636e-06,9.127967241353203e-06,2.2091668630485703e-06
13.0,3.92332086,0.0008943274996,-0.002320032965,6.177761325214549e-06,7.4810595984650935e-06,1.7165442573103888e-06
13.0,3.98240148,0.0007201341641,-0.00233231692,5.118131078969284e-06,6.050398699046852e-06,1.3016393701589451e-06
13.0,4.042337217,0.0005729036905,-0.002338010258,4.211953594892412e-06,4.833194000825245e-06,9.616825325415075e-07
13.0,4.103140447,0.0004522360819,-0.002337011084,3.453499395975079e-06,3.822512427229157e-06,6.923233788219792e-07
13.0,4.164823726,0.0003568496338,-0.002329478844,2.8344650486194233e-06,3.005976909807819e-06,4.87150565072893e-07
13.0,4.227399792,0.0002844009241,-0.00231590405,2.343338212086839e-06,2.364421253978162e-06,3.3738291767883493e-07
13.0,4.290881567,0.0002315429647,-0.002297127325,1.9651296034530537e-06,1.8723362118254544e-06,2.3248288314186158e-07
13.0,4.35528216,0.000194289568,-0.002274232645,1.6818843156115683e-06,1.5006339558872593e-06,1.6172780864061393e-07
13.0,4.420614869,0.0001685846911,-0.002248360795,1.4742433920860444e-06,1.220033086012081e-06,1.155630572646555e-07
13.0,4.486893186,0.0001508439225,-0.00222055182,1.323557225166944e-06,1.004643379581901e-06,8.640583029687301e-08
13.0,4.554130797,0.0001382641488,-0.002191642675,1.213730142149017e-06,8.340919304193499e-07,6.88097997926353e-08
13.0,4.622341587,0.0001288626809,-0.002162237121,1.1321580684589994e-06,6.937241119639875e-07,5.904090498428867e-08
13.0,4.691539642,0.0001213404047,-0.00213273666,1.0696820936635953e-06,5.737444088155809e-07,5.4577263987924094e-08
13.0,4.76173925,0.0001148900186,-0.002103393292,1.019978853825478e-06,4.6792208774188087e-07,5.372021218281528e-08
13.0,4.832954907,0.0001090261817,-0.002074358846,9.788019419478201e-07,3.723994495850166e-07,5.531955137632787e-08
13.0,4.905201321,0.0001034621912,-0.002045722131,9.433264199738534e-07,2.8480541297858166e-07,5.85943346745026e-08
13.0,4.97849341,9.803000241e-05,-0.002017533658,9.116668918831297e-07,2.036681936437141e-07,6.300995424842674e-08
13.0,5.052846308,9.263149572e-05,-0.001989821084,8.825526018759118e-07,1.2805498186649697e-07,6.81946395949079e-08
13.0,5.128275369,8.720976165e-05,-0.001962598464,8.551171244720858e-07,5.7359840207780445e-08,7.388252932470571e-08
13.0,5.20479617,8.173242355e-05,-0.001935871704,8.287645993292977e-07,-8.817139889197023e-09,7.987555016049209e-08
13.0,5.282424513,7.618199605e-05,-0.001909641741,8.030850699858312e-07,-7.073743999242635e-08,8.601766626882155e-08
13.0,5.361176426,7.055031236e-05,-0.001883906389,7.778009703705942e-07,-1.2856103960365226e-07,9.217727147920543e-08
13.0,5.441068173,6.483530661e-05,-0.001858661394,7.527333608933645e-07,-1.8236632840211892e-07,9.82349584135161e-08
13.0,5.522116252,5.903916684e-05,-0.001833901032,7.277807849885542e-07,-2.3216032043998568e-07,1.0407499015866608e-07
13.0,5.604337398,5.316729123e-05,-0.001809618422,7.029061626977471e-07,-2.7788549689403145e-07,1.0957949216198147e-07
13.0,5.68774859,4.7227716e-05,-0.001785805658,6.781286837772336e-07,-3.1942235292340307e-07,1.1462493334643811e-07
13.0,5.772367054,4.123081444e-05,-0.001762453901,6.535184954854347e-07,-3.56600961197298e-07,1.1908071589574092e-07
13.0,5.858210261,3.518914473e-05,-0.001739553231,6.291924485921836e-07,-3.8919083425401143e-07,1.2281017037450173e-07
13.0,5.94529594,2.911735806e-05,-0.001717092984,6.053093785381458e-07,-4.1696569797657474e-07,1.2567370521424788e-07
13.0,6.033642073,2.303211931e-05,-0.001695060579,5.820635670750381e-07,-4.396072462045678e-07,1.2753510745611576e-07
13.0,6.123266903,1.695196559e-05,-0.001673443917,5.59675296462364e-07,-4.5707792502909866e-07,1.2826942807024665e-07
13.0,6.214188939,1.089712641e-05,-0.001652225724,5.383774842679251e-07,-4.6839359307155e-07,1.277844304488616e-07
13.0,6.306426956,4.889205493e-06,-0.001631409126,5.183991788830233e-07,-4.7446319802342743e-07,1.26138690527333e-07
13.0,6.4,-1.046894989e-06,-0.001610972683,4.999645999862564e-07,-4.7524376356265556e-07,1.2309796915568524e-07
